51 1 0.046433
51 2 0.092907
51 3 0.139452
51 4 0.186116
51 5 0.232911
51 6 0.279890
51 7 0.327041
51 8 0.374412
51 9 0.421961
51 10 0.469721
51 11 0.517607
51 12 0.565626
51 13 0.613633
51 14 0.661590
51 15 0.709274
51 16 0.756577
51 17 0.803179
51 18 0.848886
51 19 0.893264
51 20 0.936035
51 21 0.976672
51 22 1.014851
51 23 1.050028
51 24 1.081937
51 25 1.110148
51 26 1.134601
51 27 1.155116
51 28 1.171934
51 29 1.185159
51 30 1.195299
51 31 1.202646
51 32 1.207841
51 33 1.211217
51 34 1.213414
51 35 1.214703
51 36 1.215650
51 37 1.216421
51 38 1.217490
51 39 1.218919
51 40 1.221097
51 41 1.224006
51 42 1.227969
51 43 1.232906
51 44 1.239095
51 45 1.246409
51 46 1.255098
51 47 1.265001
51 48 1.276343
51 49 1.288939
51 50 1.302992
51 51 1.318297
51 52 1.335031
51 53 1.352969
51 54 1.372255
51 55 1.392638
51 56 1.414222
51 57 1.436715
51 58 1.460167
51 59 1.484233
51 60 1.508885
51 61 1.533708
51 62 1.558577
51 63 1.582984
51 64 1.606686
51 65 1.629071
51 66 1.649773
51 67 1.668076
51 68 1.683505
51 69 1.695275
51 70 1.702853
51 71 1.705453
51 72 1.702577
51 73 1.693559
51 74 1.678073
51 75 1.655736
51 76 1.626563
51 77 1.590589
51 78 1.548255
51 79 1.500009
51 80 1.446603
51 81 1.388702
51 82 1.327142
51 83 1.262578
51 84 1.195745
51 85 1.127159
51 86 1.057375
51 87 0.986739
51 88 0.915631
51 89 0.844249
51 90 0.772833
51 91 0.701474
51 92 0.630307
51 93 0.559353
51 94 0.488676
51 95 0.418254
51 96 0.348102
51 97 0.278172
51 98 0.208449
51 99 0.138875
51 100 0.069412
52 1 0.045108
52 2 0.090242
52 3 0.135435
52 4 0.180698
52 5 0.226072
52 6 0.271545
52 7 0.317158
52 8 0.362872
52 9 0.408721
52 10 0.454629
52 11 0.500610
52 12 0.546543
52 13 0.592409
52 14 0.638025
52 15 0.683326
52 16 0.728052
52 17 0.772078
52 18 0.815059
52 19 0.856805
52 20 0.896896
52 21 0.935100
52 22 0.970960
52 23 1.004263
52 24 1.034599
52 25 1.061869
52 26 1.085807
52 27 1.106522
52 28 1.123957
52 29 1.138445
52 30 1.150117
52 31 1.159472
52 32 1.166736
52 33 1.172472
52 34 1.176909
52 35 1.180590
52 36 1.183684
52 37 1.186676
52 38 1.189656
52 39 1.193038
52 40 1.196834
52 41 1.201400
52 42 1.206683
52 43 1.212991
52 44 1.220223
52 45 1.228650
52 46 1.238135
52 47 1.248922
52 48 1.260848
52 49 1.274131
52 50 1.288587
52 51 1.304413
52 52 1.321401
52 53 1.339724
52 54 1.359152
52 55 1.379823
52 56 1.401478
52 57 1.424213
52 58 1.447730
52 59 1.472066
52 60 1.496869
52 61 1.522101
52 62 1.547338
52 63 1.572447
52 64 1.596915
52 65 1.620490
52 66 1.642556
52 67 1.662729
52 68 1.680277
52 69 1.694685
52 70 1.705116
52 71 1.710951
52 72 1.711313
52 73 1.705587
52 74 1.693022
52 75 1.673240
52 76 1.645889
52 77 1.611106
52 78 1.569136
52 79 1.520673
52 80 1.466425
52 81 1.407363
52 82 1.344314
52 83 1.278205
52 84 1.209728
52 85 1.139603
52 86 1.068304
52 87 0.996323
52 88 0.923940
52 89 0.851458
52 90 0.779015
52 91 0.706783
52 92 0.634804
52 93 0.563161
52 94 0.491839
52 95 0.420865
52 96 0.350189
52 97 0.279801
52 98 0.209636
52 99 0.139657
52 100 0.069796
53 1 0.043759
53 2 0.087540
53 3 0.131349
53 4 0.175217
53 5 0.219133
53 6 0.263130
53 7 0.307173
53 8 0.351292
53 9 0.395421
53 10 0.439580
53 11 0.483662
53 12 0.527665
53 13 0.571435
53 14 0.614935
53 15 0.657953
53 16 0.700408
53 17 0.742021
53 18 0.782667
53 19 0.822001
53 20 0.859864
53 21 0.895871
53 22 0.929864
53 23 0.961467
53 24 0.990584
53 25 1.016920
53 26 1.040513
53 27 1.061209
53 28 1.079219
53 29 1.094547
53 30 1.107564
53 31 1.118388
53 32 1.127488
53 33 1.135028
53 34 1.141504
53 35 1.147062
53 36 1.152178
53 37 1.156944
53 38 1.161789
53 39 1.166743
53 40 1.172181
53 41 1.178077
53 42 1.184760
53 43 1.192152
53 44 1.200548
53 45 1.209831
53 46 1.220266
53 47 1.231705
53 48 1.244390
53 49 1.258151
53 50 1.273206
53 51 1.289365
53 52 1.306825
53 53 1.325375
53 54 1.345185
53 55 1.366023
53 56 1.388024
53 57 1.410930
53 58 1.434831
53 59 1.459432
53 60 1.484766
53 61 1.510487
53 62 1.536554
53 63 1.562551
53 64 1.588343
53 65 1.613420
53 66 1.637519
53 67 1.660008
53 68 1.680458
53 69 1.698072
53 70 1.712221
53 71 1.721922
53 72 1.726361
53 73 1.724456
53 74 1.715394
53 75 1.698311
53 76 1.672838
53 77 1.638809
53 78 1.596682
53 79 1.547122
53 80 1.491217
53 81 1.430010
53 82 1.364689
53 83 1.296199
53 84 1.225489
53 85 1.153220
53 86 1.080031
53 87 1.006311
53 88 0.932447
53 89 0.858629
53 90 0.785072
53 91 0.711840
53 92 0.639035
53 93 0.566648
53 94 0.494712
53 95 0.423176
53 96 0.352031
53 97 0.281205
53 98 0.210661
53 99 0.140320
53 100 0.070125
54 1 0.042401
54 2 0.084809
54 3 0.127241
54 4 0.169688
54 5 0.212174
54 6 0.254668
54 7 0.297196
54 8 0.339700
54 9 0.382200
54 10 0.424606
54 11 0.466923
54 12 0.509021
54 13 0.550882
54 14 0.592329
54 15 0.633314
54 16 0.673606
54 17 0.713125
54 18 0.751586
54 19 0.788882
54 20 0.824688
54 21 0.858890
54 22 0.891157
54 23 0.921408
54 24 0.949349
54 25 0.974987
54 26 0.998116
54 27 1.018870
54 28 1.037164
54 29 1.053267
54 30 1.067203
54 31 1.079351
54 32 1.089800
54 33 1.098986
54 34 1.107016
54 35 1.114333
54 36 1.121021
54 37 1.127502
54 38 1.133813
54 39 1.140340
54 40 1.147071
54 41 1.154353
54 42 1.162127
54 43 1.170703
54 44 1.179987
54 45 1.190259
54 46 1.201391
54 47 1.213641
54 48 1.226856
54 49 1.241273
54 50 1.256719
54 51 1.273410
54 52 1.291157
54 53 1.310152
54 54 1.330189
54 55 1.351436
54 56 1.373666
54 57 1.397015
54 58 1.421233
54 59 1.446415
54 60 1.472277
54 61 1.498861
54 62 1.525838
54 63 1.553179
54 64 1.580485
54 65 1.607624
54 66 1.634093
54 67 1.659602
54 68 1.683474
54 69 1.705180
54 70 1.723773
54 71 1.738390
54 72 1.747755
54 73 1.750695
54 74 1.745788
54 75 1.731969
54 76 1.708342
54 77 1.674787
54 78 1.631663
54 79 1.580078
54 80 1.521312
54 81 1.456921
54 82 1.388233
54 83 1.316548
54 84 1.242810
54 85 1.167877
54 86 1.092290
54 87 1.016549
54 88 0.940909
54 89 0.865633
54 90 0.790806
54 91 0.716547
54 92 0.642849
54 93 0.569747
54 94 0.497183
54 95 0.425145
54 96 0.353552
54 97 0.282361
54 98 0.211482
54 99 0.140853
54 100 0.070384
55 1 0.041037
55 2 0.082079
55 3 0.123118
55 4 0.164169
55 5 0.205206
55 6 0.246246
55 7 0.287242
55 8 0.328210
55 9 0.369073
55 10 0.409842
55 11 0.450403
55 12 0.490754
55 13 0.530744
55 14 0.570347
55 15 0.609369
55 16 0.647763
55 17 0.685288
55 18 0.721877
55 19 0.757253
55 20 0.791341
55 21 0.823846
55 22 0.854712
55 23 0.883659
55 24 0.910684
55 25 0.935561
55 26 0.958377
55 27 0.978992
55 28 0.997601
55 29 1.014154
55 30 1.028951
55 31 1.042012
55 32 1.053710
55 33 1.064101
55 34 1.073589
55 35 1.082233
55 36 1.090435
55 37 1.098228
55 38 1.105996
55 39 1.113734
55 40 1.121796
55 41 1.130137
55 42 1.139081
55 43 1.148548
55 44 1.158833
55 45 1.169825
55 46 1.181796
55 47 1.194610
55 48 1.208519
55 49 1.223365
55 50 1.239383
55 51 1.256400
55 52 1.274630
55 53 1.293887
55 54 1.314365
55 55 1.335865
55 56 1.358559
55 57 1.382232
55 58 1.407029
55 59 1.432718
55 60 1.459408
55 61 1.486843
55 62 1.515086
55 63 1.543841
55 64 1.573102
55 65 1.602500
55 66 1.631913
55 67 1.660834
55 68 1.688922
55 69 1.715401
55 70 1.739545
55 71 1.760111
55 72 1.775796
55 73 1.784782
55 74 1.785296
55 75 1.775434
55 76 1.753959
55 77 1.720332
55 78 1.675275
55 79 1.620213
55 80 1.557186
55 81 1.488128
55 82 1.414913
55 83 1.338951
55 84 1.261450
55 85 1.183188
55 86 1.104817
55 87 1.026685
55 88 0.949107
55 89 0.872187
55 90 0.796055
55 91 0.720695
55 92 0.646137
55 93 0.572308
55 94 0.499185
55 95 0.426670
55 96 0.354712
55 97 0.283204
55 98 0.212077
55 99 0.141226
55 100 0.070567
56 1 0.039679
56 2 0.079351
56 3 0.119020
56 4 0.158664
56 5 0.198295
56 6 0.237869
56 7 0.277401
56 8 0.316825
56 9 0.356151
56 10 0.395283
56 11 0.434226
56 12 0.472850
56 13 0.511146
56 14 0.548947
56 15 0.586229
56 16 0.622788
56 17 0.658585
56 18 0.693381
56 19 0.727131
56 20 0.759576
56 21 0.790680
56 22 0.820185
56 23 0.848090
56 24 0.874165
56 25 0.898473
56 26 0.920841
56 27 0.941415
56 28 0.960093
56 29 0.977111
56 30 0.992433
56 31 1.006368
56 32 1.018926
56 33 1.030464
56 34 1.041008
56 35 1.050933
56 36 1.060257
56 37 1.069351
56 38 1.078209
56 39 1.087184
56 40 1.096240
56 41 1.105706
56 42 1.115514
56 43 1.125969
56 44 1.136973
56 45 1.148811
56 46 1.161360
56 47 1.174885
56 48 1.189243
56 49 1.204684
56 50 1.221049
56 51 1.238569
56 52 1.257076
56 53 1.276786
56 54 1.297520
56 55 1.319478
56 56 1.342474
56 57 1.366691
56 58 1.391935
56 59 1.418370
56 60 1.445796
56 61 1.474352
56 62 1.503823
56 63 1.534314
56 64 1.565581
56 65 1.597659
56 66 1.630226
56 67 1.663173
56 68 1.695980
56 69 1.728211
56 70 1.758896
56 71 1.786943
56 72 1.810536
56 73 1.827550
56 74 1.835181
56 75 1.830700
56 76 1.811728
56 77 1.777479
56 78 1.728890
56 79 1.668469
56 80 1.599091
56 81 1.523634
56 82 1.444340
56 83 1.363023
56 84 1.280853
56 85 1.198724
56 86 1.117106
56 87 1.036373
56 88 0.956645
56 89 0.878045
56 90 0.800533
56 91 0.724118
56 92 0.648696
56 93 0.574225
56 94 0.500578
56 95 0.427686
56 96 0.355421
56 97 0.283699
56 98 0.212397
56 99 0.141422
56 100 0.070657
57 1 0.038328
57 2 0.076650
57 3 0.114947
57 4 0.153222
57 5 0.191440
57 6 0.229608
57 7 0.267669
57 8 0.305635
57 9 0.343421
57 10 0.381036
57 11 0.418368
57 12 0.455418
57 13 0.492042
57 14 0.528233
57 15 0.563813
57 16 0.598765
57 17 0.632882
57 18 0.666141
57 19 0.698314
57 20 0.729384
57 21 0.759114
57 22 0.787510
57 23 0.814351
57 24 0.839685
57 25 0.863326
57 26 0.885388
57 27 0.905734
57 28 0.924553
57 29 0.941764
57 30 0.957625
57 31 0.972101
57 32 0.985502
57 33 0.997822
57 34 1.009400
57 35 1.020234
57 36 1.030675
57 37 1.040709
57 38 1.050681
57 39 1.060555
57 40 1.070660
57 41 1.080935
57 42 1.091692
57 43 1.102841
57 44 1.114676
57 45 1.127085
57 46 1.140345
57 47 1.154325
57 48 1.169285
57 49 1.185079
57 50 1.201953
57 51 1.219752
57 52 1.238710
57 53 1.258662
57 54 1.279832
57 55 1.302054
57 56 1.325539
57 57 1.350122
57 58 1.376007
57 59 1.403033
57 60 1.431396
57 61 1.460944
57 62 1.491866
57 63 1.524012
57 64 1.557554
57 65 1.592329
57 66 1.628446
57 67 1.665654
57 68 1.703876
57 69 1.742566
57 70 1.781127
57 71 1.818229
57 72 1.852070
57 73 1.879701
57 74 1.897372
57 75 1.900458
57 76 1.884949
57 77 1.848964
57 78 1.794497
57 79 1.725681
57 80 1.647221
57 81 1.562977
57 82 1.475923
57 83 1.387947
57 84 1.300338
57 85 1.213749
57 86 1.128618
57 87 1.045057
57 88 0.963153
57 89 0.882814
57 90 0.803997
57 91 0.726546
57 92 0.650376
57 93 0.575317
57 94 0.501270
57 95 0.428074
57 96 0.355625
57 97 0.283774
57 98 0.212414
57 99 0.141408
57 100 0.070645
58 1 0.036996
58 2 0.073975
58 3 0.110933
58 4 0.147839
58 5 0.184696
58 6 0.221453
58 7 0.258120
58 8 0.294623
58 9 0.330973
58 10 0.367072
58 11 0.402926
58 12 0.438412
58 13 0.473530
58 14 0.508129
58 15 0.542204
58 16 0.575576
58 17 0.608238
58 18 0.639987
58 19 0.670823
58 20 0.700530
58 21 0.729124
58 22 0.756392
58 23 0.782380
58 24 0.806898
58 25 0.830040
58 26 0.851650
58 27 0.871880
58 28 0.890620
58 29 0.908085
58 30 0.924202
58 31 0.939241
58 32 0.953161
58 33 0.966268
58 34 0.978535
58 35 0.990289
58 36 1.001501
58 37 1.012503
58 38 1.023253
58 39 1.034076
58 40 1.044912
58 41 1.056073
58 42 1.067477
58 43 1.079422
58 44 1.091804
58 45 1.104908
58 46 1.118612
58 47 1.133185
58 48 1.148492
58 49 1.164790
58 50 1.181933
58 51 1.200170
58 52 1.219348
58 53 1.239706
58 54 1.261093
58 55 1.283742
58 56 1.307505
58 57 1.332615
58 58 1.358938
58 59 1.386708
58 60 1.415813
58 61 1.446498
58 62 1.478683
58 63 1.512631
58 64 1.548295
58 65 1.585952
58 66 1.625573
58 67 1.667395
58 68 1.711304
58 69 1.757298
58 70 1.804818
58 71 1.852999
58 72 1.899816
58 73 1.942011
58 74 1.974149
58 75 1.988989
58 76 1.978644
58 77 1.939092
58 78 1.874451
58 79 1.792685
58 80 1.701133
58 81 1.605266
58 82 1.508429
58 83 1.412630
58 84 1.318801
58 85 1.227429
58 86 1.138562
58 87 1.052186
58 88 0.968097
58 89 0.886150
58 90 0.806095
58 91 0.727771
58 92 0.650943
58 93 0.575459
58 94 0.501111
58 95 0.427763
58 96 0.355232
58 97 0.283390
58 98 0.212077
58 99 0.141167
58 100 0.070517
59 1 0.035680
59 2 0.071346
59 3 0.106972
59 4 0.142554
59 5 0.178051
59 6 0.213464
59 7 0.248733
59 8 0.283865
59 9 0.318776
59 10 0.353475
59 11 0.387853
59 12 0.421919
59 13 0.455538
59 14 0.488718
59 15 0.521300
59 16 0.553289
59 17 0.584506
59 18 0.614961
59 19 0.644460
59 20 0.673026
59 21 0.700459
59 22 0.726807
59 23 0.751880
59 24 0.775762
59 25 0.798286
59 26 0.819582
59 27 0.839518
59 28 0.858274
59 29 0.875752
59 30 0.892184
59 31 0.907501
59 32 0.921974
59 33 0.935554
59 34 0.948540
59 35 0.960886
59 36 0.972905
59 37 0.984548
59 38 0.996129
59 39 1.007584
59 40 1.019224
59 41 1.030967
59 42 1.043113
59 43 1.055565
59 44 1.068609
59 45 1.082131
59 46 1.096407
59 47 1.111310
59 48 1.127105
59 49 1.143655
59 50 1.161215
59 51 1.179645
59 52 1.199195
59 53 1.219721
59 54 1.241473
59 55 1.264315
59 56 1.288495
59 57 1.313897
59 58 1.340778
59 59 1.369049
59 60 1.398989
59 61 1.430554
59 62 1.464062
59 63 1.499533
59 64 1.537347
59 65 1.577612
59 66 1.620781
59 67 1.667050
59 68 1.716904
59 69 1.770506
59 70 1.828080
59 71 1.889135
59 72 1.952390
59 73 2.014377
59 74 2.068403
59 75 2.102707
59 76 2.101704
59 77 2.054310
59 78 1.971677
59 79 1.869473
59 80 1.759496
59 81 1.648524
59 82 1.540022
59 83 1.435342
59 84 1.334925
59 85 1.238605
59 86 1.146120
59 87 1.057029
59 88 0.970992
59 89 0.887594
59 90 0.806544
59 91 0.727501
59 92 0.650233
59 93 0.574464
59 94 0.500007
59 95 0.426634
59 96 0.354188
59 97 0.282477
59 98 0.211359
59 99 0.140667
59 100 0.070264
60 1 0.034389
60 2 0.068757
60 3 0.103091
60 4 0.137356
60 5 0.171551
60 6 0.205620
60 7 0.239571
60 8 0.273329
60 9 0.306903
60 10 0.340199
60 11 0.373228
60 12 0.405872
60 13 0.438144
60 14 0.469905
60 15 0.501168
60 16 0.531774
60 17 0.561740
60 18 0.590891
60 19 0.619256
60 20 0.646652
60 21 0.673126
60 22 0.698496
60 23 0.722837
60 24 0.745982
60 25 0.768044
60 26 0.788876
60 27 0.808636
60 28 0.827205
60 29 0.844784
60 30 0.861281
60 31 0.876938
60 32 0.891682
60 33 0.905784
60 34 0.919183
60 35 0.932171
60 36 0.944686
60 37 0.957028
60 38 0.969130
60 39 0.981291
60 40 0.993432
60 41 1.005848
60 42 1.018445
60 43 1.031510
60 44 1.044934
60 45 1.058997
60 46 1.073576
60 47 1.088941
60 48 1.104963
60 49 1.121904
60 50 1.139628
60 51 1.158393
60 52 1.178064
60 53 1.198896
60 54 1.220762
60 55 1.243922
60 56 1.268265
60 57 1.294061
60 58 1.321230
60 59 1.350068
60 60 1.380542
60 61 1.412997
60 62 1.447477
60 63 1.484405
60 64 1.523948
60 65 1.566660
60 66 1.612889
60 67 1.663389
60 68 1.718758
60 69 1.779984
60 70 1.847862
60 71 1.923284
60 72 2.006231
60 73 2.094892
60 74 2.182379
60 75 2.251890
60 76 2.271154
60 77 2.204907
60 78 2.088474
60 79 1.954166
60 80 1.818856
60 81 1.689438
60 82 1.567794
60 83 1.453909
60 84 1.346953
60 85 1.246056
60 86 1.150283
60 87 1.058916
60 88 0.971249
60 89 0.886776
60 90 0.804987
60 91 0.725529
60 92 0.648025
60 93 0.572218
60 94 0.497818
60 95 0.424625
60 96 0.352409
60 97 0.281003
60 98 0.210215
60 99 0.139893
60 100 0.069870
61 1 0.033122
61 2 0.066225
61 3 0.099280
61 4 0.132279
61 5 0.165175
61 6 0.197971
61 7 0.230601
61 8 0.263075
61 9 0.295308
61 10 0.327313
61 11 0.358987
61 12 0.390344
61 13 0.421263
61 14 0.451760
61 15 0.481695
61 16 0.511090
61 17 0.539788
61 18 0.567822
61 19 0.595022
61 20 0.621437
61 21 0.646896
61 22 0.671469
61 23 0.694991
61 24 0.717562
61 25 0.739031
61 26 0.759537
61 27 0.778946
61 28 0.797437
61 29 0.814899
61 30 0.831546
61 31 0.847289
61 32 0.862372
61 33 0.876717
61 34 0.890594
61 35 0.903930
61 36 0.917007
61 37 0.929749
61 38 0.942448
61 39 0.955018
61 40 0.967750
61 41 0.980549
61 42 0.993699
61 43 1.007096
61 44 1.021017
61 45 1.035346
61 46 1.050354
61 47 1.065916
61 48 1.082298
61 49 1.099369
61 50 1.117391
61 51 1.136234
61 52 1.156157
61 53 1.177036
61 54 1.199136
61 55 1.222348
61 56 1.246947
61 57 1.272853
61 58 1.300365
61 59 1.329450
61 60 1.360453
61 61 1.393415
61 62 1.428764
61 63 1.466663
61 64 1.507682
61 65 1.552190
61 66 1.601006
61 67 1.654857
61 68 1.715007
61 69 1.782811
61 70 1.860326
61 71 1.949909
61 72 2.054553
61 73 2.176579
61 74 2.314492
61 75 2.451318
61 76 2.526252
61 77 2.405688
61 78 2.223271
61 79 2.039861
61 80 1.872445
61 81 1.722579
61 82 1.587925
61 83 1.465547
61 84 1.353033
61 85 1.248382
61 86 1.150143
61 87 1.057104
61 88 0.968403
61 89 0.883273
61 90 0.801179
61 91 0.721603
61 92 0.644188
61 93 0.568563
61 94 0.494474
61 95 0.421639
61 96 0.349859
61 97 0.278911
61 98 0.208627
61 99 0.138819
61 100 0.069332
62 1 0.031884
62 2 0.063743
62 3 0.095563
62 4 0.127304
62 5 0.158964
62 6 0.190486
62 7 0.221876
62 8 0.253061
62 9 0.284053
62 10 0.314759
62 11 0.345197
62 12 0.375256
62 13 0.404960
62 14 0.434179
62 15 0.462942
62 16 0.491105
62 17 0.518704
62 18 0.545585
62 19 0.571797
62 20 0.597179
62 21 0.621798
62 22 0.645494
62 23 0.668360
62 24 0.690243
62 25 0.711267
62 26 0.731292
62 27 0.750477
62 28 0.768697
62 29 0.786146
62 30 0.802717
62 31 0.818632
62 32 0.833800
62 33 0.848466
62 34 0.862547
62 35 0.876307
62 36 0.889661
62 37 0.902886
62 38 0.915894
62 39 0.928964
62 40 0.942001
62 41 0.955283
62 42 0.968707
62 43 0.982548
62 44 0.996691
62 45 1.011408
62 46 1.026578
62 47 1.042465
62 48 1.058943
62 49 1.076276
62 50 1.094334
62 51 1.113381
62 52 1.133293
62 53 1.154335
62 54 1.176398
62 55 1.199756
62 56 1.224323
62 57 1.250396
62 58 1.277929
62 59 1.307258
62 60 1.338405
62 61 1.371775
62 62 1.407500
62 63 1.446111
62 64 1.487925
62 65 1.533701
62 66 1.584089
62 67 1.640289
62 68 1.703603
62 69 1.776162
62 70 1.860723
62 71 1.961676
62 72 2.085494
62 73 2.242550
62 74 2.447690
62 75 2.712769
62 76 2.976845
62 77 2.668436
62 78 2.359059
62 79 2.109678
62 80 1.908485
62 81 1.740624
62 82 1.595779
62 83 1.467434
62 84 1.351252
62 85 1.244401
62 86 1.144805
62 87 1.051048
62 88 0.961985
62 89 0.876821
62 90 0.794853
62 91 0.715589
62 92 0.638559
62 93 0.563434
62 94 0.489875
62 95 0.417642
62 96 0.346476
62 97 0.276186
62 98 0.206563
62 99 0.137441
62 100 0.068639
63 1 0.030672
63 2 0.061324
63 3 0.091924
63 4 0.122461
63 5 0.152889
63 6 0.183209
63 7 0.213356
63 8 0.243341
63 9 0.273082
63 10 0.302596
63 11 0.331785
63 12 0.360672
63 13 0.389142
63 14 0.417224
63 15 0.444789
63 16 0.471875
63 17 0.498339
63 18 0.524232
63 19 0.549403
63 20 0.573918
63 21 0.597623
63 22 0.620604
63 23 0.642712
63 24 0.664059
63 25 0.684501
63 26 0.704182
63 27 0.722971
63 28 0.741039
63 29 0.758271
63 30 0.774868
63 31 0.790725
63 32 0.806068
63 33 0.820802
63 34 0.835173
63 35 0.849089
63 36 0.862809
63 37 0.876241
63 38 0.889651
63 39 0.902943
63 40 0.916387
63 41 0.929877
63 42 0.943685
63 43 0.957697
63 44 0.972182
63 45 0.987020
63 46 1.002475
63 47 1.018422
63 48 1.035125
63 49 1.052455
63 50 1.070676
63 51 1.089663
63 52 1.109680
63 53 1.130614
63 54 1.152737
63 55 1.175955
63 56 1.200555
63 57 1.226479
63 58 1.254046
63 59 1.283250
63 60 1.314467
63 61 1.347781
63 62 1.383666
63 63 1.422356
63 64 1.464502
63 65 1.510599
63 66 1.561635
63 67 1.618605
63 68 1.683201
63 69 1.757513
63 70 1.844947
63 71 1.950576
63 72 2.083380
63 73 2.260438
63 74 2.521083
63 75 2.975225
63 76 4.000000
63 77 2.932149
63 78 2.434953
63 79 2.131308
63 80 1.911305
63 81 1.735654
63 82 1.587248
63 83 1.457156
63 84 1.340247
63 85 1.233165
63 86 1.133728
63 87 1.040299
63 88 0.951758
63 89 0.867174
63 90 0.785899
63 91 0.707342
63 92 0.631090
63 93 0.556739
63 94 0.484001
63 95 0.412578
63 96 0.342254
63 97 0.272795
63 98 0.204022
63 99 0.135741
63 100 0.067791
64 1 0.029493
64 2 0.058959
64 3 0.088384
64 4 0.117727
64 5 0.146985
64 6 0.176103
64 7 0.205086
64 8 0.233864
64 9 0.262450
64 10 0.290759
64 11 0.318811
64 12 0.346505
64 13 0.373869
64 14 0.400786
64 15 0.427296
64 16 0.453267
64 17 0.478749
64 18 0.503602
64 19 0.527890
64 20 0.551467
64 21 0.574416
64 22 0.596589
64 23 0.618090
64 24 0.638778
64 25 0.658781
64 26 0.677964
64 27 0.696485
64 28 0.714219
64 29 0.731348
64 30 0.747760
64 31 0.763661
64 32 0.778947
64 33 0.793845
64 34 0.808256
64 35 0.822423
64 36 0.836246
64 37 0.849983
64 38 0.863528
64 39 0.877145
64 40 0.890726
64 41 0.904535
64 42 0.918459
64 43 0.932760
64 44 0.947321
64 45 0.962401
64 46 0.977879
64 47 0.994013
64 48 1.010677
64 49 1.028131
64 50 1.046251
64 51 1.065296
64 52 1.085150
64 53 1.106079
64 54 1.127981
64 55 1.151135
64 56 1.175465
64 57 1.201273
64 58 1.228525
64 59 1.257567
64 60 1.288432
64 61 1.321538
64 62 1.357029
64 63 1.395449
64 64 1.437129
64 65 1.482840
64 66 1.533246
64 67 1.589556
64 68 1.653085
64 69 1.725970
64 70 1.810977
64 71 1.912499
64 72 2.037014
64 73 2.194893
64 74 2.400981
64 75 2.667130
64 76 2.932392
64 77 2.625276
64 78 2.317295
64 79 2.069399
64 80 1.869772
64 81 1.703548
64 82 1.560402
64 83 1.433805
64 84 1.319414
64 85 1.214388
64 86 1.116643
64 87 1.024755
64 88 0.937575
64 89 0.854302
64 90 0.774227
64 91 0.696859
64 92 0.621722
64 93 0.548487
64 94 0.476813
64 95 0.406459
64 96 0.337168
64 97 0.268747
64 98 0.200988
64 99 0.133726
64 100 0.066782
65 1 0.028340
65 2 0.056660
65 3 0.084926
65 4 0.113129
65 5 0.141222
65 6 0.169206
65 7 0.197021
65 8 0.224677
65 9 0.252097
65 10 0.279300
65 11 0.306196
65 12 0.332812
65 13 0.359043
65 14 0.384926
65 15 0.410341
65 16 0.435338
65 17 0.459787
65 18 0.483749
65 19 0.507087
65 20 0.529879
65 21 0.551984
65 22 0.573498
65 23 0.594282
65 24 0.614454
65 25 0.633879
65 26 0.652699
65 27 0.670787
65 28 0.688308
65 29 0.705143
65 30 0.721483
65 31 0.737214
65 32 0.752548
65 33 0.767377
65 34 0.781930
65 35 0.796100
65 36 0.810131
65 37 0.823915
65 38 0.837702
65 39 0.851384
65 40 0.865214
65 41 0.879079
65 42 0.893235
65 43 0.907564
65 44 0.922323
65 45 0.937386
65 46 0.953012
65 47 0.969073
65 48 0.985825
65 49 1.003142
65 50 1.021281
65 51 1.040120
65 52 1.059920
65 53 1.080571
65 54 1.102341
65 55 1.125140
65 56 1.149253
65 57 1.174621
65 58 1.201560
65 59 1.230060
65 60 1.260486
65 61 1.292908
65 62 1.327775
65 63 1.365281
65 64 1.406017
65 65 1.450386
65 66 1.499224
65 67 1.553286
65 68 1.613855
65 69 1.682306
65 70 1.760707
65 71 1.851427
65 72 1.957463
65 73 2.081139
65 74 2.220951
65 75 2.359924
65 76 2.437235
65 77 2.319269
65 78 2.139649
65 79 1.959221
65 80 1.794947
65 81 1.648365
65 82 1.517116
65 83 1.398247
65 84 1.289323
65 85 1.188330
65 86 1.093798
65 87 1.004504
65 88 0.919573
65 89 0.838229
65 90 0.759927
65 91 0.684144
65 92 0.610517
65 93 0.538674
65 94 0.468354
65 95 0.399279
65 96 0.331247
65 97 0.264037
65 98 0.197480
65 99 0.131392
65 100 0.065620
66 1 0.027220
66 2 0.054414
66 3 0.081567
66 4 0.108640
66 5 0.135628
66 6 0.162480
66 7 0.189202
66 8 0.215726
66 9 0.242069
66 10 0.268150
66 11 0.293994
66 12 0.319506
66 13 0.344721
66 14 0.369532
66 15 0.393984
66 16 0.417958
66 17 0.441513
66 18 0.464520
66 19 0.487053
66 20 0.508977
66 21 0.530384
66 22 0.551137
66 23 0.571346
66 24 0.590877
66 25 0.609861
66 26 0.628168
66 27 0.645951
66 28 0.663085
66 29 0.679746
66 30 0.695816
66 31 0.711490
66 32 0.726655
66 33 0.741524
66 34 0.755986
66 35 0.770269
66 36 0.784262
66 37 0.798204
66 38 0.811983
66 39 0.825842
66 40 0.839667
66 41 0.853706
66 42 0.867840
66 43 0.882319
66 44 0.897019
66 45 0.912191
66 46 0.927709
66 47 0.943823
66 48 0.960407
66 49 0.977710
66 50 0.995609
66 51 1.014358
66 52 1.033839
66 53 1.054310
66 54 1.075671
66 55 1.098188
66 56 1.121785
66 57 1.146747
66 58 1.173032
66 59 1.200961
66 60 1.230544
66 61 1.262152
66 62 1.295880
66 63 1.332182
66 64 1.371273
66 65 1.413740
66 66 1.459977
66 67 1.510765
66 68 1.566744
66 69 1.628921
66 70 1.698119
66 71 1.775238
66 72 1.860273
66 73 1.951410
66 74 2.041759
66 75 2.114502
66 76 2.137354
66 77 2.075022
66 78 1.962811
66 79 1.832998
66 80 1.702428
66 81 1.577962
66 82 1.461452
66 83 1.352851
66 84 1.251303
66 85 1.155910
66 86 1.065717
66 87 0.979982
66 88 0.897983
66 89 0.819198
66 90 0.743107
66 91 0.669344
66 92 0.597528
66 93 0.527394
66 94 0.458652
66 95 0.391098
66 96 0.324504
66 97 0.258702
66 98 0.193503
66 99 0.128758
66 100 0.064305
67 1 0.026127
67 2 0.052234
67 3 0.078289
67 4 0.104284
67 5 0.130172
67 6 0.155957
67 7 0.181579
67 8 0.207053
67 9 0.232304
67 10 0.257356
67 11 0.282124
67 12 0.306640
67 13 0.330805
67 14 0.354664
67 15 0.378106
67 16 0.401186
67 17 0.423787
67 18 0.445976
67 19 0.467627
67 20 0.488824
67 21 0.509438
67 22 0.529570
67 23 0.549089
67 24 0.568116
67 25 0.586521
67 26 0.604446
67 27 0.621763
67 28 0.638636
67 29 0.654941
67 30 0.670861
67 31 0.686276
67 32 0.701388
67 33 0.716078
67 34 0.730564
67 35 0.744728
67 36 0.758798
67 37 0.772658
67 38 0.786543
67 39 0.800335
67 40 0.814274
67 41 0.828238
67 42 0.842472
67 43 0.856851
67 44 0.871620
67 45 0.886650
67 46 0.902188
67 47 0.918104
67 48 0.934644
67 49 0.951681
67 50 0.969461
67 51 0.987862
67 52 1.007133
67 53 1.027161
67 54 1.048202
67 55 1.070159
67 56 1.093299
67 57 1.117550
67 58 1.143198
67 59 1.170208
67 60 1.198896
67 61 1.229278
67 62 1.261716
67 63 1.296295
67 64 1.333439
67 65 1.373323
67 66 1.416443
67 67 1.463053
67 68 1.513675
67 69 1.568515
67 70 1.627822
67 71 1.691131
67 72 1.757166
67 73 1.822468
67 74 1.880326
67 75 1.918969
67 76 1.922782
67 77 1.880653
67 78 1.803692
67 79 1.707532
67 80 1.603922
67 81 1.499602
67 82 1.397990
67 83 1.300401
67 84 1.207234
67 85 1.118291
67 86 1.033275
67 87 0.951723
67 88 0.873266
67 89 0.797473
67 90 0.724034
67 91 0.652597
67 92 0.582921
67 93 0.514723
67 94 0.447811
67 95 0.381958
67 96 0.317005
67 97 0.252764
67 98 0.189093
67 99 0.125833
67 100 0.062849
68 1 0.025066
68 2 0.050107
68 3 0.075109
68 4 0.100034
68 5 0.124880
68 6 0.149596
68 7 0.174191
68 8 0.198601
68 9 0.222846
68 10 0.246848
68 11 0.270637
68 12 0.294124
68 13 0.317349
68 14 0.340212
68 15 0.362764
68 16 0.384895
68 17 0.406669
68 18 0.427969
68 19 0.448872
68 20 0.469255
68 21 0.489212
68 22 0.508617
68 23 0.527581
68 24 0.545977
68 25 0.563936
68 26 0.581330
68 27 0.598311
68 28 0.614754
68 29 0.630827
68 30 0.646409
68 31 0.661687
68 32 0.676541
68 33 0.691172
68 34 0.705462
68 35 0.719625
68 36 0.733544
68 37 0.747441
68 38 0.761197
68 39 0.775042
68 40 0.788854
68 41 0.802868
68 42 0.816960
68 43 0.831365
68 44 0.845958
68 45 0.860974
68 46 0.876287
68 47 0.892133
68 48 0.908385
68 49 0.925280
68 50 0.942693
68 51 0.960863
68 52 0.979670
68 53 0.999358
68 54 1.019817
68 55 1.041296
68 56 1.063701
68 57 1.087294
68 58 1.112002
68 59 1.138102
68 60 1.165555
68 61 1.194658
68 62 1.225410
68 63 1.258134
68 64 1.292866
68 65 1.329944
68 66 1.369419
68 67 1.411582
68 68 1.456386
68 69 1.503871
68 70 1.553524
68 71 1.604499
68 72 1.654793
68 73 1.701142
68 74 1.738106
68 75 1.758414
68 76 1.754151
68 77 1.721246
68 78 1.663773
68 79 1.589636
68 80 1.506127
68 81 1.418651
68 82 1.330505
68 83 1.243638
68 84 1.158940
68 85 1.076846
68 86 0.997370
68 87 0.920460
68 88 0.845885
68 89 0.773473
68 90 0.702958
68 91 0.634160
68 92 0.566834
68 93 0.500821
68 94 0.435911
68 95 0.371961
68 96 0.308794
68 97 0.246283
68 98 0.184273
68 99 0.122644
68 100 0.061260
69 1 0.024030
69 2 0.048042
69 3 0.072005
69 4 0.095911
69 5 0.119717
69 6 0.143428
69 7 0.166988
69 8 0.190411
69 9 0.213631
69 10 0.236671
69 11 0.259453
69 12 0.282011
69 13 0.304256
69 14 0.326234
69 15 0.347843
69 16 0.369145
69 17 0.390027
69 18 0.410563
69 19 0.430637
69 20 0.450336
69 21 0.469538
69 22 0.488348
69 23 0.506641
69 24 0.524538
69 25 0.541914
69 26 0.558909
69 27 0.575397
69 28 0.591537
69 29 0.607204
69 30 0.622573
69 31 0.637522
69 32 0.652239
69 33 0.666605
69 34 0.680821
69 35 0.694767
69 36 0.708655
69 37 0.722364
69 38 0.736114
69 39 0.749781
69 40 0.763592
69 41 0.777421
69 42 0.791497
69 43 0.805693
69 44 0.820238
69 45 0.835003
69 46 0.850220
69 47 0.865757
69 48 0.881848
69 49 0.898361
69 50 0.915529
69 51 0.933226
69 52 0.951684
69 53 0.970784
69 54 0.990761
69 55 1.011506
69 56 1.033258
69 57 1.055921
69 58 1.079742
69 59 1.104644
69 60 1.130878
69 61 1.158389
69 62 1.187432
69 63 1.217963
69 64 1.250228
69 65 1.284169
69 66 1.319967
69 67 1.357468
69 68 1.396655
69 69 1.437058
69 70 1.478117
69 71 1.518547
69 72 1.556555
69 73 1.589200
69 74 1.612708
69 75 1.622431
69 76 1.614305
69 77 1.586405
69 78 1.540650
69 79 1.481114
69 80 1.412421
69 81 1.338369
69 82 1.261855
69 83 1.184707
69 84 1.108148
69 85 1.032784
69 86 0.958997
69 87 0.886863
69 88 0.816428
69 89 0.747578
69 90 0.680241
69 91 0.614249
69 92 0.549498
69 93 0.485817
69 94 0.423098
69 95 0.361182
69 96 0.299964
69 97 0.239302
69 98 0.179093
69 99 0.119211
69 100 0.059552
70 1 0.023025
70 2 0.046027
70 3 0.068993
70 4 0.091887
70 5 0.114709
70 6 0.137411
70 7 0.160003
70 8 0.182426
70 9 0.204700
70 10 0.226753
70 11 0.248619
70 12 0.270213
70 13 0.291579
70 14 0.312624
70 15 0.333403
70 16 0.353813
70 17 0.373923
70 18 0.393621
70 19 0.412990
70 20 0.431914
70 21 0.450489
70 22 0.468596
70 23 0.486346
70 24 0.503619
70 25 0.520542
70 26 0.536993
70 27 0.553117
70 28 0.568792
70 29 0.584179
70 30 0.599156
70 31 0.613900
70 32 0.628289
70 33 0.642513
70 34 0.656451
70 35 0.670302
70 36 0.683946
70 37 0.697590
70 38 0.711113
70 39 0.724728
70 40 0.738312
70 41 0.752084
70 42 0.765915
70 43 0.780030
70 44 0.794297
70 45 0.808942
70 46 0.823831
70 47 0.839190
70 48 0.854887
70 49 0.871146
70 50 0.887836
70 51 0.905182
70 52 0.923055
70 53 0.941681
70 54 0.960938
70 55 0.981049
70 56 1.001902
70 57 1.023720
70 58 1.046402
70 59 1.070168
70 60 1.094926
70 61 1.120889
70 62 1.147965
70 63 1.176346
70 64 1.205915
70 65 1.236803
70 66 1.268811
70 67 1.301917
70 68 1.335708
70 69 1.369813
70 70 1.403339
70 71 1.435221
70 72 1.463678
70 73 1.486574
70 74 1.501094
70 75 1.504456
70 76 1.494234
70 77 1.469562
70 78 1.431307
70 79 1.381878
70 80 1.324073
70 81 1.260671
70 82 1.193838
70 83 1.125300
70 84 1.056162
70 85 0.987245
70 86 0.918970
70 87 0.851656
70 88 0.785387
70 89 0.720248
70 90 0.656179
70 91 0.593164
70 92 0.531092
70 93 0.469906
70 94 0.409482
70 95 0.349746
70 96 0.290577
70 97 0.231895
70 98 0.173587
70 99 0.115569
70 100 0.057737
71 1 0.022044
71 2 0.044071
71 3 0.066052
71 4 0.087983
71 5 0.109821
71 6 0.131574
71 7 0.153188
71 8 0.174681
71 9 0.195989
71 10 0.217139
71 11 0.238056
71 12 0.258780
71 13 0.279224
71 14 0.299440
71 15 0.319332
71 16 0.338963
71 17 0.358229
71 18 0.377208
71 19 0.395788
71 20 0.414060
71 21 0.431908
71 22 0.449438
71 23 0.466530
71 24 0.483305
71 25 0.499641
71 26 0.515675
71 27 0.531285
71 28 0.546621
71 29 0.561562
71 30 0.576273
71 31 0.590633
71 32 0.604818
71 33 0.618708
71 34 0.632491
71 35 0.646045
71 36 0.659569
71 37 0.672939
71 38 0.686360
71 39 0.699707
71 40 0.713192
71 41 0.726686
71 42 0.740403
71 43 0.754214
71 44 0.768335
71 45 0.782635
71 46 0.797329
71 47 0.812285
71 48 0.827719
71 49 0.843499
71 50 0.859839
71 51 0.876609
71 52 0.894021
71 53 0.911947
71 54 0.930598
71 55 0.949849
71 56 0.969909
71 57 0.990657
71 58 1.012294
71 59 1.034702
71 60 1.058071
71 61 1.082277
71 62 1.107482
71 63 1.133539
71 64 1.160555
71 65 1.188316
71 66 1.216813
71 67 1.245682
71 68 1.274681
71 69 1.303148
71 70 1.330420
71 71 1.355319
71 72 1.376556
71 73 1.392324
71 74 1.400809
71 75 1.400064
71 76 1.388768
71 77 1.366303
71 78 1.333277
71 79 1.291020
71 80 1.241450
71 81 1.186404
71 82 1.127643
71 83 1.066491
71 84 1.004063
71 85 0.941065
71 86 0.878080
71 87 0.815405
71 88 0.753302
71 89 0.691848
71 90 0.631136
71 91 0.571137
71 92 0.511861
71 93 0.453234
71 94 0.395225
71 95 0.337743
71 96 0.280737
71 97 0.224114
71 98 0.167813
71 99 0.111742
71 100 0.055832
72 1 0.021091
72 2 0.042161
72 3 0.063198
72 4 0.084170
72 5 0.105077
72 6 0.125875
72 7 0.146575
72 8 0.167122
72 9 0.187539
72 10 0.207757
72 11 0.227812
72 12 0.247626
72 13 0.267244
72 14 0.286579
72 15 0.305688
72 16 0.324476
72 17 0.343012
72 18 0.361193
72 19 0.379101
72 20 0.396629
72 21 0.413872
72 22 0.430717
72 23 0.447274
72 24 0.463428
72 25 0.479303
72 26 0.494781
72 27 0.510002
72 28 0.524846
72 29 0.539466
72 30 0.553742
72 31 0.567841
72 32 0.581642
72 33 0.595322
72 34 0.608759
72 35 0.622142
72 36 0.635346
72 37 0.648567
72 38 0.661681
72 39 0.674889
72 40 0.688062
72 41 0.701408
72 42 0.714797
72 43 0.728436
72 44 0.742195
72 45 0.756282
72 46 0.770564
72 47 0.785250
72 48 0.800206
72 49 0.815638
72 50 0.831413
72 51 0.847736
72 52 0.864472
72 53 0.881824
72 54 0.899658
72 55 0.918170
72 56 0.937229
72 57 0.957022
72 58 0.977415
72 59 0.998582
72 60 1.020381
72 61 1.042958
72 62 1.066149
72 63 1.090052
72 64 1.114451
72 65 1.139355
72 66 1.164442
72 67 1.189558
72 68 1.214186
72 69 1.237902
72 70 1.259872
72 71 1.279282
72 72 1.294903
72 73 1.305542
72 74 1.309753
72 75 1.306388
72 76 1.294471
72 77 1.273752
72 78 1.244479
72 79 1.207609
72 80 1.164304
72 81 1.115975
72 82 1.063839
72 83 1.009074
72 84 0.952532
72 85 0.894975
72 86 0.836879
72 87 0.778672
72 88 0.720569
72 89 0.662784
72 90 0.605381
72 91 0.548452
72 92 0.491983
72 93 0.435997
72 94 0.380441
72 95 0.325304
72 96 0.270515
72 97 0.216040
72 98 0.161807
72 99 0.107768
72 100 0.053851
73 1 0.020160
73 2 0.040305
73 3 0.060409
73 4 0.080467
73 5 0.100442
73 6 0.120341
73 7 0.140116
73 8 0.159784
73 9 0.179286
73 10 0.198651
73 11 0.217809
73 12 0.236800
73 13 0.255546
73 14 0.274097
73 15 0.292366
73 16 0.310415
73 17 0.328148
73 18 0.345643
73 19 0.362795
73 20 0.379695
73 21 0.396233
73 22 0.412513
73 23 0.428422
73 24 0.444077
73 25 0.459362
73 26 0.474407
73 27 0.489095
73 28 0.503570
73 29 0.517713
73 30 0.531679
73 31 0.545348
73 32 0.558889
73 33 0.572179
73 34 0.585396
73 35 0.598417
73 36 0.611428
73 37 0.624304
73 38 0.637238
73 39 0.650103
73 40 0.663096
73 41 0.676088
73 42 0.689279
73 43 0.702539
73 44 0.716068
73 45 0.729734
73 46 0.743738
73 47 0.757946
73 48 0.772556
73 49 0.787435
73 50 0.802778
73 51 0.818449
73 52 0.834642
73 53 0.851218
73 54 0.868365
73 55 0.885944
73 56 0.904132
73 57 0.922787
73 58 0.942070
73 59 0.961830
73 60 0.982206
73 61 1.003025
73 62 1.024383
73 63 1.046068
73 64 1.068107
73 65 1.090211
73 66 1.112289
73 67 1.133922
73 68 1.154834
73 69 1.174402
73 70 1.192096
73 71 1.207035
73 72 1.218423
73 73 1.225187
73 74 1.226447
73 75 1.221265
73 76 1.209133
73 77 1.189756
73 78 1.163420
73 79 1.130634
73 80 1.092313
73 81 1.049352
73 82 1.002784
73 83 0.953433
73 84 0.902123
73 85 0.849424
73 86 0.795886
73 87 0.741836
73 88 0.687601
73 89 0.633338
73 90 0.579223
73 91 0.525309
73 92 0.471680
73 93 0.418330
73 94 0.365287
73 95 0.312516
73 96 0.260012
73 97 0.207724
73 98 0.155628
73 99 0.103670
73 100 0.051811
74 1 0.019255
74 2 0.038491
74 3 0.057698
74 4 0.076847
74 5 0.095938
74 6 0.114932
74 7 0.133840
74 8 0.152611
74 9 0.171268
74 10 0.189751
74 11 0.208092
74 12 0.226221
74 13 0.244183
74 14 0.261898
74 15 0.279423
74 16 0.296669
74 17 0.313705
74 18 0.330435
74 19 0.346941
74 20 0.363121
74 21 0.379070
74 22 0.394679
74 23 0.410058
74 24 0.425094
74 25 0.439909
74 26 0.454389
74 27 0.468667
74 28 0.482627
74 29 0.496414
74 30 0.509911
74 31 0.523275
74 32 0.536385
74 33 0.549410
74 34 0.562227
74 35 0.575013
74 36 0.587644
74 37 0.600302
74 38 0.612864
74 39 0.625515
74 40 0.638130
74 41 0.650899
74 42 0.663693
74 43 0.676706
74 44 0.689805
74 45 0.703183
74 46 0.716709
74 47 0.730572
74 48 0.744639
74 49 0.759099
74 50 0.773814
74 51 0.788970
74 52 0.804427
74 53 0.820365
74 54 0.836640
74 55 0.853424
74 56 0.870568
74 57 0.888228
74 58 0.906247
74 59 0.924758
74 60 0.943588
74 61 0.962834
74 62 0.982290
74 63 1.001999
74 64 1.021698
74 65 1.041344
74 66 1.060583
74 67 1.079241
74 68 1.096827
74 69 1.112993
74 70 1.127076
74 71 1.138539
74 72 1.146568
74 73 1.150518
74 74 1.149585
74 75 1.143257
74 76 1.131041
74 77 1.112872
74 78 1.088811
74 79 1.059333
74 80 1.024960
74 81 0.986463
74 82 0.944510
74 83 0.899865
74 84 0.853101
74 85 0.804815
74 86 0.755404
74 87 0.705275
74 88 0.654662
74 89 0.603820
74 90 0.552865
74 91 0.501945
74 92 0.451100
74 93 0.400407
74 94 0.349863
74 95 0.299501
74 96 0.249293
74 97 0.199242
74 98 0.149312
74 99 0.099486
74 100 0.049725
75 1 0.018370
75 2 0.036727
75 3 0.055047
75 4 0.073327
75 5 0.091532
75 6 0.109672
75 7 0.127701
75 8 0.145637
75 9 0.163427
75 10 0.181098
75 11 0.198588
75 12 0.215936
75 13 0.233068
75 14 0.250037
75 15 0.266759
75 16 0.283299
75 17 0.299566
75 18 0.315636
75 19 0.331413
75 20 0.346983
75 21 0.362244
75 22 0.377297
75 23 0.392035
75 24 0.406570
75 25 0.420792
75 26 0.434825
75 27 0.448556
75 28 0.462121
75 29 0.475405
75 30 0.488555
75 31 0.501454
75 32 0.514257
75 33 0.526848
75 34 0.539390
75 35 0.551763
75 36 0.564140
75 37 0.576397
75 38 0.588714
75 39 0.600964
75 40 0.613330
75 41 0.625685
75 42 0.638213
75 43 0.650786
75 44 0.663587
75 45 0.676486
75 46 0.689667
75 47 0.702996
75 48 0.716655
75 49 0.730507
75 50 0.744732
75 51 0.759189
75 52 0.774050
75 53 0.789173
75 54 0.804720
75 55 0.820543
75 56 0.836793
75 57 0.853310
75 58 0.870226
75 59 0.887368
75 60 0.904836
75 61 0.922433
75 62 0.940214
75 63 0.957939
75 64 0.975598
75 65 0.992886
75 66 1.009697
75 67 1.025632
75 68 1.040463
75 69 1.053668
75 70 1.064884
75 71 1.073477
75 72 1.078981
75 73 1.080733
75 74 1.078292
75 75 1.071137
75 76 1.059060
75 77 1.041878
75 78 1.019764
75 79 0.992926
75 80 0.961863
75 81 0.927029
75 82 0.889048
75 83 0.848416
75 84 0.805709
75 85 0.761332
75 86 0.715735
75 87 0.669198
75 88 0.622036
75 89 0.574416
75 90 0.526544
75 91 0.478506
75 92 0.430425
75 93 0.382335
75 94 0.334303
75 95 0.286331
75 96 0.238449
75 97 0.190640
75 98 0.142911
75 99 0.095237
75 100 0.047609
76 1 0.017509
76 2 0.035000
76 3 0.052467
76 4 0.069881
76 5 0.087246
76 6 0.104524
76 7 0.121728
76 8 0.138811
76 9 0.155797
76 10 0.172628
76 11 0.189340
76 12 0.205866
76 13 0.222251
76 14 0.238421
76 15 0.254432
76 16 0.270201
76 17 0.285798
76 18 0.301131
76 19 0.316281
76 20 0.331152
76 21 0.345835
76 22 0.360230
76 23 0.374439
76 24 0.388358
76 25 0.402102
76 26 0.415561
76 27 0.428863
76 28 0.441896
76 29 0.454796
76 30 0.467450
76 31 0.480004
76 32 0.492343
76 33 0.504621
76 34 0.516722
76 35 0.528806
76 36 0.540755
76 37 0.552737
76 38 0.564630
76 39 0.576606
76 40 0.588541
76 41 0.600612
76 42 0.612690
76 43 0.624954
76 44 0.637273
76 45 0.649825
76 46 0.662478
76 47 0.675408
76 48 0.688478
76 49 0.701861
76 50 0.715418
76 51 0.729316
76 52 0.743412
76 53 0.757864
76 54 0.772523
76 55 0.787537
76 56 0.802748
76 57 0.818285
76 58 0.833979
76 59 0.849933
76 60 0.865956
76 61 0.882117
76 62 0.898194
76 63 0.914202
76 64 0.929870
76 65 0.945145
76 66 0.959689
76 67 0.973356
76 68 0.985724
76 69 0.996545
76 70 1.005314
76 71 1.011698
76 72 1.015149
76 73 1.015318
76 74 1.011715
76 75 1.004103
76 76 0.992185
76 77 0.975967
76 78 0.955440
76 79 0.930881
76 80 0.902537
76 81 0.870866
76 82 0.836238
76 83 0.799155
76 84 0.759985
76 85 0.719170
76 86 0.677005
76 87 0.633835
76 88 0.589865
76 89 0.545342
76 90 0.500389
76 91 0.455173
76 92 0.409760
76 93 0.364255
76 94 0.318684
76 95 0.273109
76 96 0.227532
76 97 0.181984
76 98 0.136456
76 99 0.090956
76 100 0.045472
77 1 0.016665
77 2 0.033319
77 3 0.049939
77 4 0.066526
77 5 0.083046
77 6 0.099510
77 7 0.115876
77 8 0.132164
77 9 0.148322
77 10 0.164380
77 11 0.180278
77 12 0.196057
77 13 0.211649
77 14 0.227104
77 15 0.242346
77 16 0.257436
77 17 0.272292
77 18 0.286985
77 19 0.301428
77 20 0.315702
77 21 0.329713
77 22 0.343557
77 23 0.357133
77 24 0.370546
77 25 0.383695
77 26 0.396695
77 27 0.409439
77 28 0.422055
77 29 0.434432
77 30 0.446708
77 31 0.458770
77 32 0.470763
77 33 0.482573
77 34 0.494353
77 35 0.505985
77 36 0.517630
77 37 0.529167
77 38 0.540761
77 39 0.552290
77 40 0.563921
77 41 0.575531
77 42 0.587288
77 43 0.599066
77 44 0.611035
77 45 0.623064
77 46 0.635323
77 47 0.647679
77 48 0.660296
77 49 0.673039
77 50 0.686069
77 51 0.699245
77 52 0.712719
77 53 0.726346
77 54 0.740269
77 55 0.754334
77 56 0.768667
77 57 0.783104
77 58 0.797752
77 59 0.812427
77 60 0.827208
77 61 0.841887
77 62 0.856500
77 63 0.870803
77 64 0.884780
77 65 0.898137
77 66 0.910788
77 67 0.922379
77 68 0.932746
77 69 0.941475
77 70 0.948329
77 71 0.952854
77 72 0.954783
77 73 0.953677
77 74 0.949317
77 75 0.941373
77 76 0.929768
77 77 0.914365
77 78 0.895289
77 79 0.872622
77 80 0.846667
77 81 0.817659
77 82 0.786000
77 83 0.751982
77 84 0.716010
77 85 0.678357
77 86 0.639373
77 87 0.599273
77 88 0.558330
77 89 0.516695
77 90 0.474566
77 91 0.432037
77 92 0.389245
77 93 0.346241
77 94 0.303115
77 95 0.259889
77 96 0.216618
77 97 0.173309
77 98 0.129990
77 99 0.086660
77 100 0.043331
78 1 0.015843
78 2 0.031670
78 3 0.047476
78 4 0.063236
78 5 0.078954
78 6 0.094595
78 7 0.110173
78 8 0.125646
78 9 0.141035
78 10 0.156290
78 11 0.171444
78 12 0.186437
78 13 0.201311
78 14 0.215999
78 15 0.230556
78 16 0.244905
78 17 0.259111
78 18 0.273091
78 19 0.286922
78 20 0.300515
78 21 0.313956
78 22 0.327151
78 23 0.340199
78 24 0.353000
78 25 0.365662
78 26 0.378084
78 27 0.390382
78 28 0.402452
78 29 0.414421
78 30 0.426180
78 31 0.437866
78 32 0.449367
78 33 0.460826
78 34 0.472132
78 35 0.483432
78 36 0.494612
78 37 0.505827
78 38 0.516957
78 39 0.528163
78 40 0.539323
78 41 0.550599
78 42 0.561866
78 43 0.573288
78 44 0.584737
78 45 0.596375
78 46 0.608072
78 47 0.619988
78 48 0.631989
78 49 0.644231
78 50 0.656575
78 51 0.669170
78 52 0.681874
78 53 0.694825
78 54 0.707873
78 55 0.721145
78 56 0.734481
78 57 0.747989
78 58 0.761496
78 59 0.775084
78 60 0.788562
78 61 0.801979
78 62 0.815114
78 63 0.827977
78 64 0.840309
78 65 0.852066
78 66 0.862946
78 67 0.872843
78 68 0.881409
78 69 0.888481
78 70 0.893675
78 71 0.896794
78 72 0.897452
78 73 0.895465
78 74 0.890504
78 75 0.882466
78 76 0.871147
78 77 0.856582
78 78 0.838732
78 79 0.817783
78 80 0.793849
78 81 0.767226
78 82 0.738120
78 83 0.706873
78 84 0.673715
78 85 0.638973
78 86 0.602855
78 87 0.565639
78 88 0.527487
78 89 0.488617
78 90 0.449143
78 91 0.409227
78 92 0.368941
78 93 0.328399
78 94 0.287644
78 95 0.246751
78 96 0.205743
78 97 0.164668
78 98 0.123535
78 99 0.082375
78 100 0.041191
79 1 0.015036
79 2 0.030062
79 3 0.045059
79 4 0.060027
79 5 0.074938
79 6 0.089800
79 7 0.104577
79 8 0.119287
79 9 0.133884
79 10 0.148398
79 11 0.162772
79 12 0.177047
79 13 0.191160
79 14 0.205159
79 15 0.218975
79 16 0.232665
79 17 0.246155
79 18 0.259512
79 19 0.272655
79 20 0.285661
79 21 0.298444
79 22 0.311091
79 23 0.323512
79 24 0.335803
79 25 0.347870
79 26 0.359820
79 27 0.371554
79 28 0.383188
79 29 0.394619
79 30 0.405974
79 31 0.417146
79 32 0.428270
79 33 0.439234
79 34 0.450182
79 35 0.461000
79 36 0.471834
79 37 0.482570
79 38 0.493359
79 39 0.504083
79 40 0.514895
79 41 0.525675
79 42 0.536579
79 43 0.547482
79 44 0.558540
79 45 0.569626
79 46 0.580894
79 47 0.592213
79 48 0.603733
79 49 0.615320
79 50 0.627118
79 51 0.638988
79 52 0.651065
79 53 0.663206
79 54 0.675533
79 55 0.687893
79 56 0.700396
79 57 0.712876
79 58 0.725422
79 59 0.737852
79 60 0.750230
79 61 0.762352
79 62 0.774246
79 63 0.785681
79 64 0.796645
79 65 0.806873
79 66 0.816305
79 67 0.824639
79 68 0.831770
79 69 0.837366
79 70 0.841288
79 71 0.843196
79 72 0.842944
79 73 0.840225
79 74 0.834933
79 75 0.826839
79 76 0.815925
79 77 0.802083
79 78 0.785412
79 79 0.765931
79 80 0.743845
79 81 0.719276
79 82 0.692495
79 83 0.663675
79 84 0.633106
79 85 0.600967
79 86 0.567526
79 87 0.532942
79 88 0.497439
79 89 0.461142
79 90 0.424229
79 91 0.386786
79 92 0.348947
79 93 0.310771
79 94 0.272353
79 95 0.233729
79 96 0.194965
79 97 0.156084
79 98 0.117128
79 99 0.078112
79 100 0.039065
80 1 0.014248
80 2 0.028483
80 3 0.042700
80 4 0.056876
80 5 0.071017
80 6 0.085091
80 7 0.099113
80 8 0.113041
80 9 0.126901
80 10 0.140643
80 11 0.154302
80 12 0.167820
80 13 0.181241
80 14 0.194502
80 15 0.207654
80 16 0.220627
80 17 0.233484
80 18 0.246149
80 19 0.258692
80 20 0.271031
80 21 0.283249
80 22 0.295259
80 23 0.307150
80 24 0.318832
80 25 0.330405
80 26 0.341774
80 27 0.353047
80 28 0.364126
80 29 0.375128
80 30 0.385951
80 31 0.396721
80 32 0.407331
80 33 0.417914
80 34 0.428362
80 35 0.438812
80 36 0.449154
80 37 0.459530
80 38 0.469826
80 39 0.480188
80 40 0.490499
80 41 0.500907
80 42 0.511292
80 43 0.521803
80 44 0.532316
80 45 0.542978
80 46 0.553664
80 47 0.564518
80 48 0.575409
80 49 0.586478
80 50 0.597589
80 51 0.608874
80 52 0.620194
80 53 0.631672
80 54 0.643159
80 55 0.654765
80 56 0.666333
80 57 0.677956
80 58 0.689463
80 59 0.700924
80 60 0.712154
80 61 0.723193
80 62 0.733835
80 63 0.744088
80 64 0.753718
80 65 0.762696
80 66 0.770761
80 67 0.777846
80 68 0.783665
80 69 0.788120
80 70 0.790914
80 71 0.791937
80 72 0.790905
80 73 0.787726
80 74 0.782165
80 75 0.774184
80 76 0.763632
80 77 0.750555
80 78 0.734903
80 79 0.716811
80 80 0.696326
80 81 0.673654
80 82 0.648909
80 83 0.622332
80 84 0.594066
80 85 0.564355
80 86 0.533340
80 87 0.501244
80 88 0.468187
80 89 0.434355
80 90 0.399843
80 91 0.364799
80 92 0.329291
80 93 0.293432
80 94 0.257268
80 95 0.220882
80 96 0.184306
80 97 0.147597
80 98 0.110780
80 99 0.073893
80 100 0.036957
81 1 0.013474
81 2 0.026940
81 3 0.040381
81 4 0.053797
81 5 0.067164
81 6 0.080489
81 7 0.093741
81 8 0.106936
81 9 0.120035
81 10 0.133063
81 11 0.145971
81 12 0.158797
81 13 0.171483
81 14 0.184076
81 15 0.196512
81 16 0.208845
81 17 0.221007
81 18 0.233061
81 19 0.244932
81 20 0.256693
81 21 0.268264
81 22 0.279728
81 23 0.290998
81 24 0.302167
81 25 0.313145
81 26 0.324032
81 27 0.334735
81 28 0.345362
81 29 0.355817
81 30 0.366214
81 31 0.376454
81 32 0.386660
81 33 0.396729
81 34 0.406789
81 35 0.416734
81 36 0.426697
81 37 0.436570
81 38 0.446490
81 39 0.456344
81 40 0.466273
81 41 0.476161
81 42 0.486150
81 43 0.496120
81 44 0.506213
81 45 0.516307
81 46 0.526539
81 47 0.536786
81 48 0.547180
81 49 0.557593
81 50 0.568154
81 51 0.578726
81 52 0.589432
81 53 0.600129
81 54 0.610926
81 55 0.621675
81 56 0.632470
81 57 0.643152
81 58 0.653796
81 59 0.664229
81 60 0.674505
81 61 0.684433
81 62 0.694041
81 63 0.703117
81 64 0.711659
81 65 0.719432
81 66 0.726403
81 67 0.732319
81 68 0.737118
81 69 0.740536
81 70 0.742494
81 71 0.742734
81 72 0.741182
81 73 0.737609
81 74 0.731973
81 75 0.724101
81 76 0.714009
81 77 0.701602
81 78 0.686964
81 79 0.670084
81 80 0.651113
81 81 0.630107
81 82 0.607262
81 83 0.582678
81 84 0.556567
81 85 0.529047
81 86 0.500323
81 87 0.470507
81 88 0.439784
81 89 0.408248
81 90 0.376054
81 91 0.343276
81 92 0.310039
81 93 0.276397
81 94 0.242446
81 95 0.208226
81 96 0.173807
81 97 0.139220
81 98 0.104518
81 99 0.069724
81 100 0.034876
82 1 0.012717
82 2 0.025423
82 3 0.038113
82 4 0.050768
82 5 0.063394
82 6 0.075962
82 7 0.088486
82 8 0.100929
82 9 0.113316
82 10 0.125602
82 11 0.137818
82 12 0.149914
82 13 0.161930
82 14 0.173808
82 15 0.185598
82 16 0.197235
82 17 0.208778
82 18 0.220156
82 19 0.231437
82 20 0.242545
82 21 0.253556
82 22 0.264390
82 23 0.275131
82 24 0.285694
82 25 0.296171
82 26 0.306475
82 27 0.316706
82 28 0.326772
82 29 0.336779
82 30 0.346634
82 31 0.356449
82 32 0.366127
82 33 0.375788
82 34 0.385330
82 35 0.394879
82 36 0.404330
82 37 0.413812
82 38 0.423218
82 39 0.432680
82 40 0.442088
82 41 0.451574
82 42 0.461026
82 43 0.470576
82 44 0.480110
82 45 0.489758
82 46 0.499400
82 47 0.509166
82 48 0.518932
82 49 0.528822
82 50 0.538706
82 51 0.548703
82 52 0.558677
82 53 0.568737
82 54 0.578742
82 55 0.588787
82 56 0.598721
82 57 0.608626
82 58 0.618339
82 59 0.627924
82 60 0.637204
82 61 0.646219
82 62 0.654779
82 63 0.662897
82 64 0.670367
82 65 0.677176
82 66 0.683100
82 67 0.688103
82 68 0.691952
82 69 0.694592
82 70 0.695791
82 71 0.695492
82 72 0.693479
82 73 0.689713
82 74 0.684016
82 75 0.676385
82 76 0.666701
82 77 0.655013
82 78 0.641268
82 79 0.625572
82 80 0.607935
82 81 0.588510
82 82 0.567355
82 83 0.544650
82 84 0.520479
82 85 0.495031
82 86 0.468397
82 87 0.440755
82 88 0.412193
82 89 0.382865
82 90 0.352847
82 91 0.322269
82 92 0.291191
82 93 0.259716
82 94 0.227893
82 95 0.195801
82 96 0.163477
82 97 0.130982
82 98 0.098347
82 99 0.065619
82 100 0.032824
83 1 0.011972
83 2 0.023937
83 3 0.035880
83 4 0.047803
83 5 0.059682
83 6 0.071528
83 7 0.083310
83 8 0.095046
83 9 0.106698
83 10 0.118293
83 11 0.129785
83 12 0.141209
83 13 0.152514
83 14 0.163742
83 15 0.174836
83 16 0.185848
83 17 0.196713
83 18 0.207492
83 19 0.218115
83 20 0.228651
83 21 0.239026
83 22 0.249315
83 23 0.259441
83 24 0.269487
83 25 0.279371
83 26 0.289185
83 27 0.298843
83 28 0.308442
83 29 0.317895
83 30 0.327306
83 31 0.336581
83 32 0.345833
83 33 0.354966
83 34 0.364095
83 35 0.373123
83 36 0.382168
83 37 0.391130
83 38 0.400133
83 39 0.409070
83 40 0.418069
83 41 0.427020
83 42 0.436051
83 43 0.445050
83 44 0.454142
83 45 0.463214
83 46 0.472389
83 47 0.481548
83 48 0.490810
83 49 0.500055
83 50 0.509394
83 51 0.518701
83 52 0.528082
83 53 0.537402
83 54 0.546758
83 55 0.556008
83 56 0.565236
83 57 0.574291
83 58 0.583240
83 59 0.591923
83 60 0.600387
83 61 0.608460
83 62 0.616169
83 63 0.623326
83 64 0.629938
83 65 0.635804
83 66 0.640909
83 67 0.645043
83 68 0.648174
83 69 0.650091
83 70 0.650755
83 71 0.649965
83 72 0.647688
83 73 0.643749
83 74 0.638139
83 75 0.630724
83 76 0.621532
83 77 0.610482
83 78 0.597647
83 79 0.583001
83 80 0.566659
83 81 0.548644
83 82 0.529101
83 83 0.508086
83 84 0.485761
83 85 0.462199
83 86 0.437561
83 87 0.411924
83 88 0.385438
83 89 0.358173
83 90 0.330261
83 91 0.301762
83 92 0.272787
83 93 0.243385
83 94 0.213646
83 95 0.183608
83 96 0.153343
83 97 0.122885
83 98 0.092287
83 99 0.061580
83 100 0.030807
84 1 0.011241
84 2 0.022472
84 3 0.033691
84 4 0.044880
84 5 0.056044
84 6 0.067159
84 7 0.078237
84 8 0.089247
84 9 0.100210
84 10 0.111086
84 11 0.121906
84 12 0.132623
84 13 0.143275
84 14 0.153810
84 15 0.164273
84 16 0.174607
84 17 0.184865
84 18 0.194984
84 19 0.205024
84 20 0.214919
84 21 0.224736
84 22 0.234404
84 23 0.243998
84 24 0.253442
84 25 0.262820
84 26 0.272051
84 27 0.281226
84 28 0.290261
84 29 0.299252
84 30 0.308112
84 31 0.316945
84 32 0.325659
84 33 0.334363
84 34 0.342962
84 35 0.351570
84 36 0.360090
84 37 0.368637
84 38 0.377112
84 39 0.385633
84 40 0.394097
84 41 0.402624
84 42 0.411108
84 43 0.419668
84 44 0.428195
84 45 0.436808
84 46 0.445393
84 47 0.454064
84 48 0.462707
84 49 0.471431
84 50 0.480115
84 51 0.488862
84 52 0.497546
84 53 0.506263
84 54 0.514879
84 55 0.523480
84 56 0.531924
84 57 0.540283
84 58 0.548408
84 59 0.556354
84 60 0.563962
84 61 0.571271
84 62 0.578110
84 63 0.584498
84 64 0.590255
84 65 0.595382
84 66 0.599689
84 67 0.603163
84 68 0.605611
84 69 0.607011
84 70 0.607175
84 71 0.606081
84 72 0.603560
84 73 0.599602
84 74 0.594068
84 75 0.586974
84 76 0.578221
84 77 0.567860
84 78 0.555837
84 79 0.542239
84 80 0.527057
84 81 0.510408
84 82 0.492319
84 83 0.472926
84 84 0.452281
84 85 0.430526
84 86 0.407724
84 87 0.384015
84 88 0.359461
84 89 0.334190
84 90 0.308260
84 91 0.281784
84 92 0.254810
84 93 0.227434
84 94 0.199696
84 95 0.171674
84 96 0.143404
84 97 0.114947
84 98 0.086335
84 99 0.057617
84 100 0.028826
85 1 0.010521
85 2 0.021036
85 3 0.031533
85 4 0.042012
85 5 0.052455
85 6 0.062871
85 7 0.073232
85 8 0.083555
85 9 0.093807
85 10 0.104012
85 11 0.114130
85 12 0.124192
85 13 0.134154
85 14 0.144054
85 15 0.153840
85 16 0.163560
85 17 0.173156
85 18 0.182683
85 19 0.192079
85 20 0.201406
85 21 0.210596
85 22 0.219720
85 23 0.228705
85 24 0.237629
85 25 0.246417
85 26 0.255150
85 27 0.263751
85 28 0.272308
85 29 0.280740
85 30 0.289141
85 31 0.297427
85 32 0.305697
85 33 0.313864
85 34 0.322030
85 35 0.330106
85 36 0.338199
85 37 0.346215
85 38 0.354265
85 39 0.362251
85 40 0.370286
85 41 0.378270
85 42 0.386315
85 43 0.394319
85 44 0.402391
85 45 0.410428
85 46 0.418538
85 47 0.426610
85 48 0.434751
85 49 0.442847
85 50 0.450998
85 51 0.459085
85 52 0.467201
85 53 0.475224
85 54 0.483236
85 55 0.491107
85 56 0.498911
85 57 0.506509
85 58 0.513962
85 59 0.521123
85 60 0.528038
85 61 0.534553
85 62 0.540695
85 63 0.546302
85 64 0.551387
85 65 0.555779
85 66 0.559478
85 67 0.562309
85 68 0.564263
85 69 0.565166
85 70 0.565008
85 71 0.563625
85 72 0.561013
85 73 0.557032
85 74 0.551692
85 75 0.544884
85 76 0.536644
85 77 0.526900
85 78 0.515717
85 79 0.503062
85 80 0.489026
85 81 0.473613
85 82 0.456934
85 83 0.439020
85 84 0.419994
85 85 0.399901
85 86 0.378869
85 87 0.356950
85 88 0.334265
85 89 0.310866
85 90 0.286862
85 91 0.262302
85 92 0.237282
85 93 0.211843
85 94 0.186066
85 95 0.159989
85 96 0.133677
85 97 0.107164
85 98 0.080504
85 99 0.053729
85 100 0.026883
86 1 0.009813
86 2 0.019618
86 3 0.029413
86 4 0.039182
86 5 0.048931
86 6 0.058638
86 7 0.068315
86 8 0.077935
86 9 0.087516
86 10 0.097024
86 11 0.106487
86 12 0.115863
86 13 0.125186
86 14 0.134411
86 15 0.143578
86 16 0.152636
86 17 0.161633
86 18 0.170514
86 19 0.179333
86 20 0.188029
86 21 0.196664
86 22 0.205174
86 23 0.213627
86 24 0.221953
86 25 0.230229
86 26 0.238381
86 27 0.246490
86 28 0.254480
86 29 0.262439
86 30 0.270286
86 31 0.278114
86 32 0.285839
86 33 0.293559
86 34 0.301188
86 35 0.308826
86 36 0.316385
86 37 0.323966
86 38 0.331481
86 39 0.339032
86 40 0.346526
86 41 0.354069
86 42 0.361564
86 43 0.369115
86 44 0.376624
86 45 0.384193
86 46 0.391719
86 47 0.399304
86 48 0.406840
86 49 0.414423
86 50 0.421944
86 51 0.429491
86 52 0.436951
86 53 0.444405
86 54 0.451733
86 55 0.459007
86 56 0.466103
86 57 0.473080
86 58 0.479807
86 59 0.486332
86 60 0.492515
86 61 0.498393
86 62 0.503816
86 63 0.508807
86 64 0.513212
86 65 0.517041
86 66 0.520135
86 67 0.522496
86 68 0.523965
86 69 0.524538
86 70 0.524064
86 71 0.522543
86 72 0.519836
86 73 0.515955
86 74 0.510784
86 75 0.504351
86 76 0.496571
86 77 0.487495
86 78 0.477070
86 79 0.465369
86 80 0.452374
86 81 0.438177
86 82 0.422787
86 83 0.406310
86 84 0.388773
86 85 0.370291
86 86 0.350902
86 87 0.330718
86 88 0.309784
86 89 0.288203
86 90 0.266020
86 91 0.243330
86 92 0.220172
86 93 0.196629
86 94 0.172737
86 95 0.148566
86 96 0.124150
86 97 0.099547
86 98 0.074787
86 99 0.049920
86 100 0.024978
87 1 0.009114
87 2 0.018224
87 3 0.027318
87 4 0.036398
87 5 0.045448
87 6 0.054475
87 7 0.063456
87 8 0.072407
87 9 0.081298
87 10 0.090151
87 11 0.098930
87 12 0.107666
87 13 0.116317
87 14 0.124918
87 15 0.133424
87 16 0.141878
87 17 0.150228
87 18 0.158523
87 19 0.166709
87 20 0.174840
87 21 0.182858
87 22 0.190823
87 23 0.198674
87 24 0.206476
87 25 0.214164
87 26 0.221812
87 27 0.229347
87 28 0.236851
87 29 0.244249
87 30 0.251624
87 31 0.258902
87 32 0.266168
87 33 0.273346
87 34 0.280525
87 35 0.287625
87 36 0.294740
87 37 0.301785
87 38 0.308857
87 39 0.315869
87 40 0.322918
87 41 0.329916
87 42 0.336958
87 43 0.343954
87 44 0.351000
87 45 0.357999
87 46 0.365047
87 47 0.372046
87 48 0.379085
87 49 0.386063
87 50 0.393065
87 51 0.399986
87 52 0.406906
87 53 0.413712
87 54 0.420479
87 55 0.427088
87 56 0.433604
87 57 0.439903
87 58 0.446040
87 59 0.451884
87 60 0.457479
87 61 0.462688
87 62 0.467541
87 63 0.471899
87 64 0.475779
87 65 0.479038
87 66 0.481684
87 67 0.483574
87 68 0.484712
87 69 0.484956
87 70 0.484310
87 71 0.482644
87 72 0.479967
87 73 0.476166
87 74 0.471261
87 75 0.465163
87 76 0.457909
87 77 0.449437
87 78 0.439802
87 79 0.428971
87 80 0.417019
87 81 0.403936
87 82 0.389812
87 83 0.374659
87 84 0.358576
87 85 0.341588
87 86 0.323797
87 87 0.305238
87 88 0.286007
87 89 0.266143
87 90 0.245736
87 91 0.224824
87 92 0.203488
87 93 0.181762
87 94 0.159719
87 95 0.137390
87 96 0.114835
87 97 0.092086
87 98 0.069193
87 99 0.046187
87 100 0.023112
88 1 0.008426
88 2 0.016846
88 3 0.025256
88 4 0.033646
88 5 0.042020
88 6 0.050358
88 7 0.058673
88 8 0.066939
88 9 0.075175
88 10 0.083350
88 11 0.091488
88 12 0.099554
88 13 0.107578
88 14 0.115520
88 15 0.123417
88 16 0.131223
88 17 0.138981
88 18 0.146642
88 19 0.154254
88 20 0.161765
88 21 0.169229
88 22 0.176588
88 23 0.183903
88 24 0.191114
88 25 0.198285
88 26 0.205354
88 27 0.212390
88 28 0.219327
88 29 0.226241
88 30 0.233061
88 31 0.239867
88 32 0.246587
88 33 0.253303
88 34 0.259941
88 35 0.266588
88 36 0.273164
88 37 0.279759
88 38 0.286293
88 39 0.292855
88 40 0.299363
88 41 0.305906
88 42 0.312400
88 43 0.318935
88 44 0.325421
88 45 0.331949
88 46 0.338426
88 47 0.344938
88 48 0.351391
88 49 0.357868
88 50 0.364268
88 51 0.370671
88 52 0.376973
88 53 0.383246
88 54 0.389382
88 55 0.395444
88 56 0.401321
88 57 0.407067
88 58 0.412565
88 59 0.417859
88 60 0.422827
88 61 0.427504
88 62 0.431763
88 63 0.435627
88 64 0.438967
88 65 0.441799
88 66 0.443990
88 67 0.445551
88 68 0.446352
88 69 0.446401
88 70 0.445576
88 71 0.443886
88 72 0.441222
88 73 0.437602
88 74 0.432932
88 75 0.427244
88 76 0.420466
88 77 0.412644
88 78 0.403732
88 79 0.393789
88 80 0.382794
88 81 0.370820
88 82 0.357866
88 83 0.344016
88 84 0.329283
88 85 0.313757
88 86 0.297462
88 87 0.280488
88 88 0.262864
88 89 0.244676
88 90 0.225957
88 91 0.206785
88 92 0.187193
88 93 0.167249
88 94 0.146986
88 95 0.126464
88 96 0.105713
88 97 0.084785
88 98 0.063710
88 99 0.042533
88 100 0.021283
89 1 0.007745
89 2 0.015487
89 3 0.023216
89 4 0.030934
89 5 0.038627
89 6 0.046301
89 7 0.053938
89 8 0.061550
89 9 0.069112
89 10 0.076645
89 11 0.084117
89 12 0.091554
89 13 0.098921
89 14 0.106250
89 15 0.113499
89 16 0.120708
89 17 0.127831
89 18 0.134912
89 19 0.141902
89 20 0.148850
89 21 0.155704
89 22 0.162518
89 23 0.169238
89 24 0.175920
89 25 0.182509
89 26 0.189066
89 27 0.195532
89 28 0.201973
89 29 0.208326
89 30 0.214664
89 31 0.220919
89 32 0.227167
89 33 0.233339
89 34 0.239514
89 35 0.245620
89 36 0.251739
89 37 0.257796
89 38 0.263873
89 39 0.269896
89 40 0.275946
89 41 0.281946
89 42 0.287979
89 43 0.293963
89 44 0.299981
89 45 0.305949
89 46 0.311948
89 47 0.317890
89 48 0.323854
89 49 0.329748
89 50 0.335647
89 51 0.341457
89 52 0.347246
89 53 0.352916
89 54 0.358530
89 55 0.363986
89 56 0.369337
89 57 0.374479
89 58 0.379457
89 59 0.384160
89 60 0.388626
89 61 0.392740
89 62 0.396531
89 63 0.399881
89 64 0.402811
89 65 0.405200
89 66 0.407066
89 67 0.408287
89 68 0.408877
89 69 0.408721
89 70 0.407831
89 71 0.406102
89 72 0.403551
89 73 0.400086
89 74 0.395731
89 75 0.390414
89 76 0.384168
89 77 0.376942
89 78 0.368784
89 79 0.359660
89 80 0.349632
89 81 0.338686
89 82 0.326893
89 83 0.314256
89 84 0.300852
89 85 0.286695
89 86 0.271866
89 87 0.256387
89 88 0.240337
89 89 0.223741
89 90 0.206676
89 91 0.189167
89 92 0.171285
89 93 0.153056
89 94 0.134541
89 95 0.115767
89 96 0.096789
89 97 0.077632
89 98 0.058343
89 99 0.038950
89 100 0.019492
90 1 0.007074
90 2 0.014142
90 3 0.021204
90 4 0.028248
90 5 0.035279
90 6 0.042282
90 7 0.049266
90 8 0.056210
90 9 0.063130
90 10 0.070000
90 11 0.076842
90 12 0.083625
90 13 0.090374
90 14 0.097057
90 15 0.103705
90 16 0.110278
90 17 0.116814
90 18 0.123271
90 19 0.129691
90 20 0.136028
90 21 0.142328
90 22 0.148544
90 23 0.154725
90 24 0.160822
90 25 0.166888
90 26 0.172871
90 27 0.178829
90 28 0.184707
90 29 0.190566
90 30 0.196349
90 31 0.202122
90 32 0.207823
90 33 0.213522
90 34 0.219155
90 35 0.224795
90 36 0.230375
90 37 0.235970
90 38 0.241509
90 39 0.247070
90 40 0.252581
90 41 0.258118
90 42 0.263606
90 43 0.269123
90 44 0.274591
90 45 0.280085
90 46 0.285527
90 47 0.290987
90 48 0.296385
90 49 0.301789
90 50 0.307115
90 51 0.312427
90 52 0.317637
90 53 0.322805
90 54 0.327837
90 55 0.332789
90 56 0.337564
90 57 0.342209
90 58 0.346624
90 59 0.350847
90 60 0.354777
90 61 0.358443
90 62 0.361741
90 63 0.364694
90 64 0.367194
90 65 0.369260
90 66 0.370785
90 67 0.371782
90 68 0.372147
90 69 0.371894
90 70 0.370925
90 71 0.369254
90 72 0.366794
90 73 0.363565
90 74 0.359494
90 75 0.354608
90 76 0.348852
90 77 0.342263
90 78 0.334802
90 79 0.326518
90 80 0.317388
90 81 0.307473
90 82 0.296765
90 83 0.285330
90 84 0.273173
90 85 0.260365
90 86 0.246920
90 87 0.232910
90 88 0.218354
90 89 0.203322
90 90 0.187836
90 91 0.171962
90 92 0.155723
90 93 0.139178
90 94 0.122353
90 95 0.105299
90 96 0.088042
90 97 0.070626
90 98 0.053079
90 99 0.035439
90 100 0.017735
91 1 0.006408
91 2 0.012814
91 3 0.019208
91 4 0.025595
91 5 0.031960
91 6 0.038312
91 7 0.044633
91 8 0.050935
91 9 0.057197
91 10 0.063436
91 11 0.069626
91 12 0.075788
91 13 0.081894
91 14 0.087971
91 15 0.093983
91 16 0.099964
91 17 0.105877
91 18 0.111756
91 19 0.117563
91 20 0.123338
91 21 0.129037
91 22 0.134706
91 23 0.140299
91 24 0.145864
91 25 0.151352
91 26 0.156818
91 27 0.162209
91 28 0.167582
91 29 0.172884
91 30 0.178175
91 31 0.183397
91 32 0.188616
91 33 0.193772
91 34 0.198930
91 35 0.204031
91 36 0.209141
91 37 0.214198
91 38 0.219271
91 39 0.224295
91 40 0.229339
91 41 0.234337
91 42 0.239358
91 43 0.244332
91 44 0.249328
91 45 0.254275
91 46 0.259239
91 47 0.264147
91 48 0.269063
91 49 0.273910
91 50 0.278749
91 51 0.283500
91 52 0.288221
91 53 0.292828
91 54 0.297373
91 55 0.301770
91 56 0.306066
91 57 0.310170
91 58 0.314122
91 59 0.317829
91 60 0.321326
91 61 0.324516
91 62 0.327426
91 63 0.329959
91 64 0.332137
91 65 0.333862
91 66 0.335151
91 67 0.335909
91 68 0.336150
91 69 0.335785
91 70 0.334827
91 71 0.333195
91 72 0.330905
91 73 0.327887
91 74 0.324163
91 75 0.319675
91 76 0.314454
91 77 0.308456
91 78 0.301722
91 79 0.294221
91 80 0.286004
91 81 0.277054
91 82 0.267429
91 83 0.257126
91 84 0.246204
91 85 0.234672
91 86 0.222593
91 87 0.209979
91 88 0.196894
91 89 0.183356
91 90 0.169425
91 91 0.155120
91 92 0.140499
91 93 0.125582
91 94 0.110419
91 95 0.095034
91 96 0.079471
91 97 0.063753
91 98 0.047919
91 99 0.031994
91 100 0.016012
92 1 0.005750
92 2 0.011496
92 3 0.017236
92 4 0.022963
92 5 0.028679
92 6 0.034373
92 7 0.040052
92 8 0.045700
92 9 0.051330
92 10 0.056920
92 11 0.062487
92 12 0.068008
92 13 0.073504
92 14 0.078947
92 15 0.084362
92 16 0.089719
92 17 0.095048
92 18 0.100314
92 19 0.105552
92 20 0.110724
92 21 0.115868
92 22 0.120946
92 23 0.125998
92 24 0.130982
92 25 0.135944
92 26 0.140839
92 27 0.145717
92 28 0.150529
92 29 0.155330
92 30 0.160068
92 31 0.164799
92 32 0.169472
92 33 0.174145
92 34 0.178763
92 35 0.183387
92 36 0.187960
92 37 0.192545
92 38 0.197082
92 39 0.201636
92 40 0.206145
92 41 0.210672
92 42 0.215155
92 43 0.219658
92 44 0.224114
92 45 0.228587
92 46 0.233009
92 47 0.237439
92 48 0.241810
92 49 0.246177
92 50 0.250470
92 51 0.254741
92 52 0.258918
92 53 0.263049
92 54 0.267057
92 55 0.270987
92 56 0.274759
92 57 0.278412
92 58 0.281865
92 59 0.285149
92 60 0.288182
92 61 0.290990
92 62 0.293488
92 63 0.295698
92 64 0.297533
92 65 0.299012
92 66 0.300048
92 67 0.300659
92 68 0.300760
92 69 0.300368
92 70 0.299405
92 71 0.297888
92 72 0.295747
92 73 0.293003
92 74 0.289598
92 75 0.285557
92 76 0.280834
92 77 0.275463
92 78 0.269408
92 79 0.262711
92 80 0.255351
92 81 0.247375
92 82 0.238773
92 83 0.229597
92 84 0.219847
92 85 0.209578
92 86 0.198799
92 87 0.187564
92 88 0.175887
92 89 0.163822
92 90 0.151385
92 91 0.138628
92 92 0.125569
92 93 0.112256
92 94 0.098708
92 95 0.084967
92 96 0.071054
92 97 0.057008
92 98 0.042849
92 99 0.028612
92 100 0.014319
93 1 0.005097
93 2 0.010191
93 3 0.015277
93 4 0.020357
93 5 0.025421
93 6 0.030474
93 7 0.035503
93 8 0.040518
93 9 0.045502
93 10 0.050468
93 11 0.055396
93 12 0.060303
93 13 0.065167
93 14 0.070008
93 15 0.074800
93 16 0.079568
93 17 0.084282
93 18 0.088973
93 19 0.093606
93 20 0.098216
93 21 0.102767
93 22 0.107296
93 23 0.111765
93 24 0.116214
93 25 0.120603
93 26 0.124976
93 27 0.129290
93 28 0.133592
93 29 0.137838
93 30 0.142075
93 31 0.146259
93 32 0.150441
93 33 0.154572
93 34 0.158706
93 35 0.162793
93 36 0.166887
93 37 0.170938
93 38 0.175000
93 39 0.179020
93 40 0.183055
93 41 0.187050
93 42 0.191060
93 43 0.195029
93 44 0.199011
93 45 0.202949
93 46 0.206896
93 47 0.210791
93 48 0.214686
93 49 0.218519
93 50 0.222338
93 51 0.226078
93 52 0.229785
93 53 0.233392
93 54 0.236941
93 55 0.240361
93 56 0.243690
93 57 0.246856
93 58 0.249891
93 59 0.252722
93 60 0.255375
93 61 0.257776
93 62 0.259947
93 63 0.261811
93 64 0.263389
93 65 0.264604
93 66 0.265471
93 67 0.265918
93 68 0.265958
93 69 0.265522
93 70 0.264626
93 71 0.263204
93 72 0.261274
93 73 0.258781
93 74 0.255746
93 75 0.252121
93 76 0.247936
93 77 0.243152
93 78 0.237803
93 79 0.231865
93 80 0.225376
93 81 0.218321
93 82 0.210745
93 83 0.202641
93 84 0.194057
93 85 0.184995
93 86 0.175504
93 87 0.165592
93 88 0.155306
93 89 0.144660
93 90 0.133699
93 91 0.122438
93 92 0.110921
93 93 0.099165
93 94 0.087209
93 95 0.075071
93 96 0.062786
93 97 0.050375
93 98 0.037867
93 99 0.025285
93 100 0.012655
94 1 0.004449
94 2 0.008895
94 3 0.013337
94 4 0.017768
94 5 0.022192
94 6 0.026599
94 7 0.030995
94 8 0.035367
94 9 0.039725
94 10 0.044053
94 11 0.048365
94 12 0.052642
94 13 0.056900
94 14 0.061118
94 15 0.065316
94 16 0.069469
94 17 0.073602
94 18 0.077687
94 19 0.081752
94 20 0.085767
94 21 0.089762
94 22 0.093706
94 23 0.097631
94 24 0.101505
94 25 0.105364
94 26 0.109171
94 27 0.112966
94 28 0.116711
94 29 0.120448
94 30 0.124136
94 31 0.127821
94 32 0.131460
94 33 0.135099
94 34 0.138696
94 35 0.142297
94 36 0.145858
94 37 0.149427
94 38 0.152959
94 39 0.156501
94 40 0.160007
94 41 0.163525
94 42 0.167006
94 43 0.170499
94 44 0.173953
94 45 0.177416
94 46 0.180835
94 47 0.184256
94 48 0.187625
94 49 0.190987
94 50 0.194284
94 51 0.197559
94 52 0.200753
94 53 0.203904
94 54 0.206953
94 55 0.209934
94 56 0.212784
94 57 0.215535
94 58 0.218122
94 59 0.220573
94 60 0.222821
94 61 0.224890
94 62 0.226712
94 63 0.228307
94 64 0.229609
94 65 0.230633
94 66 0.231315
94 67 0.231669
94 68 0.231633
94 69 0.231220
94 70 0.230372
94 71 0.229105
94 72 0.227366
94 73 0.225174
94 74 0.222483
94 75 0.219315
94 76 0.215635
94 77 0.211468
94 78 0.206788
94 79 0.201627
94 80 0.195966
94 81 0.189842
94 82 0.183244
94 83 0.176213
94 84 0.168745
94 85 0.160883
94 86 0.152631
94 87 0.144029
94 88 0.135086
94 89 0.125843
94 90 0.116311
94 91 0.106530
94 92 0.096512
94 93 0.086295
94 94 0.075892
94 95 0.065337
94 96 0.054646
94 97 0.043848
94 98 0.032960
94 99 0.022010
94 100 0.011015
95 1 0.003805
95 2 0.007609
95 3 0.011406
95 4 0.015199
95 5 0.018980
95 6 0.022754
95 7 0.026510
95 8 0.030256
95 9 0.033978
95 10 0.037688
95 11 0.041371
95 12 0.045038
95 13 0.048674
95 14 0.052293
95 15 0.055876
95 16 0.059443
95 17 0.062970
95 18 0.066480
95 19 0.069948
95 20 0.073400
95 21 0.076808
95 22 0.080201
95 23 0.083549
95 24 0.086884
95 25 0.090175
95 26 0.093455
95 27 0.096691
95 28 0.099919
95 29 0.103105
95 30 0.106286
95 31 0.109427
95 32 0.112567
95 33 0.115669
95 34 0.118772
95 35 0.121841
95 36 0.124914
95 37 0.127954
95 38 0.131002
95 39 0.134018
95 40 0.137043
95 41 0.140036
95 42 0.143039
95 43 0.146008
95 44 0.148986
95 45 0.151926
95 46 0.154871
95 47 0.157773
95 48 0.160672
95 49 0.163519
95 50 0.166352
95 51 0.169121
95 52 0.171860
95 53 0.174519
95 54 0.177129
95 55 0.179637
95 56 0.182071
95 57 0.184378
95 58 0.186582
95 59 0.188627
95 60 0.190535
95 61 0.192250
95 62 0.193789
95 63 0.195096
95 64 0.196187
95 65 0.197006
95 66 0.197565
95 67 0.197812
95 68 0.197758
95 69 0.197352
95 70 0.196608
95 71 0.195478
95 72 0.193977
95 73 0.192065
95 74 0.189757
95 75 0.187021
95 76 0.183877
95 77 0.180297
95 78 0.176308
95 79 0.171888
95 80 0.167068
95 81 0.161835
95 82 0.156221
95 83 0.150220
95 84 0.143867
95 85 0.137162
95 86 0.130141
95 87 0.122806
95 88 0.115195
95 89 0.107315
95 90 0.099199
95 91 0.090858
95 92 0.082325
95 93 0.073610
95 94 0.064744
95 95 0.055739
95 96 0.046623
95 97 0.037410
95 98 0.028124
95 99 0.018780
95 100 0.009399
96 1 0.003166
96 2 0.006329
96 3 0.009489
96 4 0.012643
96 5 0.015791
96 6 0.018927
96 7 0.022055
96 8 0.025167
96 9 0.028270
96 10 0.031351
96 11 0.034422
96 12 0.037467
96 13 0.040500
96 14 0.043504
96 15 0.046495
96 16 0.049455
96 17 0.052401
96 18 0.055313
96 19 0.058212
96 20 0.061075
96 21 0.063925
96 22 0.066739
96 23 0.069541
96 24 0.072307
96 25 0.075062
96 26 0.077782
96 27 0.080493
96 28 0.083169
96 29 0.085839
96 30 0.088476
96 31 0.091110
96 32 0.093711
96 33 0.096313
96 34 0.098884
96 35 0.101459
96 36 0.104004
96 37 0.106555
96 38 0.109078
96 39 0.111608
96 40 0.114111
96 41 0.116621
96 42 0.119104
96 43 0.121594
96 44 0.124054
96 45 0.126519
96 46 0.128949
96 47 0.131379
96 48 0.133769
96 49 0.136150
96 50 0.138483
96 51 0.140796
96 52 0.143048
96 53 0.145266
96 54 0.147406
96 55 0.149495
96 56 0.151486
96 57 0.153403
96 58 0.155200
96 59 0.156895
96 60 0.158443
96 61 0.159860
96 62 0.161098
96 63 0.162174
96 64 0.163039
96 65 0.163706
96 66 0.164129
96 67 0.164320
96 68 0.164235
96 69 0.163885
96 70 0.163229
96 71 0.162280
96 72 0.161001
96 73 0.159405
96 74 0.157461
96 75 0.155186
96 76 0.152554
96 77 0.149584
96 78 0.146257
96 79 0.142594
96 80 0.138583
96 81 0.134249
96 82 0.129584
96 83 0.124616
96 84 0.119341
96 85 0.113790
96 86 0.107963
96 87 0.101889
96 88 0.095574
96 89 0.089046
96 90 0.082312
96 91 0.075399
96 92 0.068318
96 93 0.061092
96 94 0.053734
96 95 0.046265
96 96 0.038698
96 97 0.031054
96 98 0.023344
96 99 0.015589
96 100 0.007802
97 1 0.002529
97 2 0.005056
97 3 0.007580
97 4 0.010101
97 5 0.012613
97 6 0.015121
97 7 0.017618
97 8 0.020108
97 9 0.022582
97 10 0.025049
97 11 0.027497
97 12 0.029936
97 13 0.032354
97 14 0.034762
97 15 0.037145
97 16 0.039518
97 17 0.041866
97 18 0.044202
97 19 0.046511
97 20 0.048809
97 21 0.051079
97 22 0.053339
97 23 0.055570
97 24 0.057792
97 25 0.059986
97 26 0.062172
97 27 0.064330
97 28 0.066482
97 29 0.068607
97 30 0.070729
97 31 0.072824
97 32 0.074919
97 33 0.076988
97 34 0.079059
97 35 0.081105
97 36 0.083155
97 37 0.085183
97 38 0.087215
97 39 0.089225
97 40 0.091241
97 41 0.093235
97 42 0.095234
97 43 0.097210
97 44 0.099190
97 45 0.101144
97 46 0.103100
97 47 0.105025
97 48 0.106946
97 49 0.108831
97 50 0.110704
97 51 0.112533
97 52 0.114339
97 53 0.116090
97 54 0.117805
97 55 0.119450
97 56 0.121043
97 57 0.122549
97 58 0.123984
97 59 0.125311
97 60 0.126545
97 61 0.127648
97 62 0.128633
97 63 0.129462
97 64 0.130146
97 65 0.130649
97 66 0.130981
97 67 0.131104
97 68 0.131030
97 69 0.130723
97 70 0.130194
97 71 0.129412
97 72 0.128388
97 73 0.127093
97 74 0.125541
97 75 0.123709
97 76 0.121611
97 77 0.119228
97 78 0.116578
97 79 0.113648
97 80 0.110456
97 81 0.106994
97 82 0.103282
97 83 0.099317
97 84 0.095121
97 85 0.090693
97 86 0.086056
97 87 0.081213
97 88 0.076187
97 89 0.070982
97 90 0.065621
97 91 0.060109
97 92 0.054469
97 93 0.048708
97 94 0.042845
97 95 0.036889
97 96 0.030858
97 97 0.024762
97 98 0.018616
97 99 0.012431
97 100 0.006222
98 1 0.001894
98 2 0.003788
98 3 0.005679
98 4 0.007566
98 5 0.009450
98 6 0.011327
98 7 0.013200
98 8 0.015063
98 9 0.016920
98 10 0.018765
98 11 0.020603
98 12 0.022427
98 13 0.024243
98 14 0.026043
98 15 0.027834
98 16 0.029607
98 17 0.031372
98 18 0.033117
98 19 0.034855
98 20 0.036571
98 21 0.038280
98 22 0.039967
98 23 0.041647
98 24 0.043306
98 25 0.044959
98 26 0.046590
98 27 0.048217
98 28 0.049823
98 29 0.051426
98 30 0.053008
98 31 0.054589
98 32 0.056151
98 33 0.057713
98 34 0.059257
98 35 0.060802
98 36 0.062330
98 37 0.063861
98 38 0.065375
98 39 0.066892
98 40 0.068394
98 41 0.069899
98 42 0.071387
98 43 0.072879
98 44 0.074352
98 45 0.075826
98 46 0.077280
98 47 0.078732
98 48 0.080159
98 49 0.081580
98 50 0.082970
98 51 0.084348
98 52 0.085687
98 53 0.087004
98 54 0.088274
98 55 0.089511
98 56 0.090688
98 57 0.091819
98 58 0.092876
98 59 0.093872
98 60 0.094777
98 61 0.095604
98 62 0.096322
98 63 0.096943
98 64 0.097436
98 65 0.097811
98 66 0.098040
98 67 0.098131
98 68 0.098057
98 69 0.097826
98 70 0.097413
98 71 0.096827
98 72 0.096045
98 73 0.095076
98 74 0.093902
98 75 0.092532
98 76 0.090951
98 77 0.089172
98 78 0.087181
98 79 0.084993
98 80 0.082599
98 81 0.080014
98 82 0.077233
98 83 0.074273
98 84 0.071132
98 85 0.067826
98 86 0.064356
98 87 0.060740
98 88 0.056979
98 89 0.053091
98 90 0.049080
98 91 0.044962
98 92 0.040742
98 93 0.036436
98 94 0.032049
98 95 0.027596
98 96 0.023084
98 97 0.018525
98 98 0.013927
98 99 0.009300
98 100 0.004655
99 1 0.001262
99 2 0.002523
99 3 0.003783
99 4 0.005041
99 5 0.006295
99 6 0.007546
99 7 0.008792
99 8 0.010035
99 9 0.011270
99 10 0.012502
99 11 0.013724
99 12 0.014942
99 13 0.016149
99 14 0.017351
99 15 0.018541
99 16 0.019726
99 17 0.020899
99 18 0.022066
99 19 0.023219
99 20 0.024367
99 21 0.025502
99 22 0.026631
99 23 0.027746
99 24 0.028857
99 25 0.029954
99 26 0.031047
99 27 0.032126
99 28 0.033202
99 29 0.034265
99 30 0.035326
99 31 0.036374
99 32 0.037422
99 33 0.038457
99 34 0.039492
99 35 0.040516
99 36 0.041541
99 37 0.042555
99 38 0.043571
99 39 0.044576
99 40 0.045584
99 41 0.046580
99 42 0.047579
99 43 0.048566
99 44 0.049554
99 45 0.050529
99 46 0.051505
99 47 0.052464
99 48 0.053422
99 49 0.054360
99 50 0.055292
99 51 0.056201
99 52 0.057098
99 53 0.057967
99 54 0.058817
99 55 0.059631
99 56 0.060419
99 57 0.061162
99 58 0.061870
99 59 0.062522
99 60 0.063128
99 61 0.063667
99 62 0.064148
99 63 0.064550
99 64 0.064880
99 65 0.065119
99 66 0.065272
99 67 0.065322
99 68 0.065273
99 69 0.065110
99 70 0.064836
99 71 0.064436
99 72 0.063917
99 73 0.063264
99 74 0.062484
99 75 0.061566
99 76 0.060516
99 77 0.059326
99 78 0.058004
99 79 0.056543
99 80 0.054953
99 81 0.053230
99 82 0.051383
99 83 0.049411
99 84 0.047325
99 85 0.045123
99 86 0.042818
99 87 0.040410
99 88 0.037911
99 89 0.035323
99 90 0.032657
99 91 0.029916
99 92 0.027110
99 93 0.024244
99 94 0.021327
99 95 0.018363
99 96 0.015362
99 97 0.012327
99 98 0.009268
99 99 0.006189
99 100 0.003098
100 1 0.000631
100 2 0.001261
100 3 0.001891
100 4 0.002519
100 5 0.003146
100 6 0.003771
100 7 0.004395
100 8 0.005015
100 9 0.005633
100 10 0.006247
100 11 0.006860
100 12 0.007467
100 13 0.008072
100 14 0.008671
100 15 0.009268
100 16 0.009858
100 17 0.010446
100 18 0.011027
100 19 0.011606
100 20 0.012178
100 21 0.012747
100 22 0.013310
100 23 0.013870
100 24 0.014422
100 25 0.014973
100 26 0.015517
100 27 0.016059
100 28 0.016595
100 29 0.017129
100 30 0.017657
100 31 0.018184
100 32 0.018704
100 33 0.019225
100 34 0.019740
100 35 0.020255
100 36 0.020764
100 37 0.021275
100 38 0.021779
100 39 0.022285
100 40 0.022786
100 41 0.023287
100 42 0.023783
100 43 0.024280
100 44 0.024770
100 45 0.025261
100 46 0.025745
100 47 0.026228
100 48 0.026702
100 49 0.027175
100 50 0.027637
100 51 0.028094
100 52 0.028538
100 53 0.028975
100 54 0.029396
100 55 0.029806
100 56 0.030195
100 57 0.030569
100 58 0.030918
100 59 0.031246
100 60 0.031544
100 61 0.031816
100 62 0.032051
100 63 0.032254
100 64 0.032414
100 65 0.032535
100 66 0.032607
100 67 0.032634
100 68 0.032605
100 69 0.032525
100 70 0.032384
100 71 0.032186
100 72 0.031923
100 73 0.031598
100 74 0.031205
100 75 0.030748
100 76 0.030221
100 77 0.029628
100 78 0.028965
100 79 0.028238
100 80 0.027442
100 81 0.026583
100 82 0.025659
100 83 0.024676
100 84 0.023632
100 85 0.022534
100 86 0.021382
100 87 0.020181
100 88 0.018932
100 89 0.017641
100 90 0.016309
100 91 0.014941
100 92 0.013539
100 93 0.012109
100 94 0.010651
100 95 0.009172
100 96 0.007672
100 97 0.006157
100 98 0.004629
100 99 0.003091
100 100 0.001547
