1 1 0.001504
1 2 0.003005
1 3 0.004502
1 4 0.005994
1 5 0.007476
1 6 0.008949
1 7 0.010408
1 8 0.011852
1 9 0.013279
1 10 0.014686
1 11 0.016069
1 12 0.017429
1 13 0.018759
1 14 0.020060
1 15 0.021327
1 16 0.022560
1 17 0.023753
1 18 0.024907
1 19 0.026017
1 20 0.027083
1 21 0.028102
1 22 0.029074
1 23 0.029996
1 24 0.030870
1 25 0.031691
1 26 0.032465
1 27 0.033186
1 28 0.033861
1 29 0.034485
1 30 0.035065
1 31 0.035599
1 32 0.036093
1 33 0.036545
1 34 0.036962
1 35 0.037342
1 36 0.037694
1 37 0.038015
1 38 0.038313
1 39 0.038587
1 40 0.038844
1 41 0.039081
1 42 0.039307
1 43 0.039518
1 44 0.039722
1 45 0.039915
1 46 0.040103
1 47 0.040282
1 48 0.040459
1 49 0.040626
1 50 0.040791
1 51 0.040946
1 52 0.041095
1 53 0.041233
1 54 0.041362
1 55 0.041474
1 56 0.041572
1 57 0.041648
1 58 0.041705
1 59 0.041732
1 60 0.041732
1 61 0.041696
1 62 0.041624
1 63 0.041509
1 64 0.041351
1 65 0.041142
1 66 0.040883
1 67 0.040566
1 68 0.040194
1 69 0.039759
1 70 0.039264
1 71 0.038703
1 72 0.038079
1 73 0.037388
1 74 0.036635
1 75 0.035815
1 76 0.034934
1 77 0.033989
1 78 0.032986
1 79 0.031925
1 80 0.030810
1 81 0.029642
1 82 0.028426
1 83 0.027164
1 84 0.025860
1 85 0.024516
1 86 0.023137
1 87 0.021724
1 88 0.020283
1 89 0.018814
1 90 0.017322
1 91 0.015808
1 92 0.014276
1 93 0.012728
1 94 0.011166
1 95 0.009591
1 96 0.008007
1 97 0.006415
1 98 0.004817
1 99 0.003214
1 100 0.001608
2 1 0.003009
2 2 0.006014
2 3 0.009012
2 4 0.011996
2 5 0.014964
2 6 0.017911
2 7 0.020833
2 8 0.023723
2 9 0.026580
2 10 0.029395
2 11 0.032167
2 12 0.034886
2 13 0.037552
2 14 0.040155
2 15 0.042694
2 16 0.045159
2 17 0.047550
2 18 0.049858
2 19 0.052082
2 20 0.054215
2 21 0.056257
2 22 0.058199
2 23 0.060047
2 24 0.061792
2 25 0.063439
2 26 0.064981
2 27 0.066428
2 28 0.067771
2 29 0.069023
2 30 0.070178
2 31 0.071248
2 32 0.072228
2 33 0.073134
2 34 0.073960
2 35 0.074723
2 36 0.075419
2 37 0.076063
2 38 0.076652
2 39 0.077201
2 40 0.077707
2 41 0.078185
2 42 0.078629
2 43 0.079055
2 44 0.079456
2 45 0.079845
2 46 0.080215
2 47 0.080579
2 48 0.080926
2 49 0.081267
2 50 0.081591
2 51 0.081908
2 52 0.082203
2 53 0.082486
2 54 0.082740
2 55 0.082973
2 56 0.083167
2 57 0.083328
2 58 0.083438
2 59 0.083502
2 60 0.083500
2 61 0.083437
2 62 0.083293
2 63 0.083071
2 64 0.082753
2 65 0.082343
2 66 0.081823
2 67 0.081198
2 68 0.080451
2 69 0.079587
2 70 0.078593
2 71 0.077476
2 72 0.076225
2 73 0.074848
2 74 0.073336
2 75 0.071698
2 76 0.069931
2 77 0.068043
2 78 0.066032
2 79 0.063909
2 80 0.061674
2 81 0.059337
2 82 0.056900
2 83 0.054374
2 84 0.051761
2 85 0.049071
2 86 0.046308
2 87 0.043481
2 88 0.040593
2 89 0.037654
2 90 0.034666
2 91 0.031637
2 92 0.028569
2 93 0.025471
2 94 0.022344
2 95 0.019194
2 96 0.016023
2 97 0.012838
2 98 0.009639
2 99 0.006431
2 100 0.003217
3 1 0.004519
3 2 0.009033
3 3 0.013534
3 4 0.018017
3 5 0.022474
3 6 0.026901
3 7 0.031289
3 8 0.035633
3 9 0.039922
3 10 0.044154
3 11 0.048316
3 12 0.052405
3 13 0.056408
3 14 0.060322
3 15 0.064134
3 16 0.067842
3 17 0.071432
3 18 0.074903
3 19 0.078241
3 20 0.081449
3 21 0.084511
3 22 0.087434
3 23 0.090202
3 24 0.092826
3 25 0.095291
3 26 0.097610
3 27 0.099772
3 28 0.101791
3 29 0.103659
3 30 0.105393
3 31 0.106986
3 32 0.108458
3 33 0.109802
3 34 0.111043
3 35 0.112172
3 36 0.113216
3 37 0.114167
3 38 0.115051
3 39 0.115860
3 40 0.116620
3 41 0.117322
3 42 0.117992
3 43 0.118617
3 44 0.119223
3 45 0.119796
3 46 0.120358
3 47 0.120893
3 48 0.121422
3 49 0.121926
3 50 0.122423
3 51 0.122892
3 52 0.123347
3 53 0.123767
3 54 0.124163
3 55 0.124510
3 56 0.124817
3 57 0.125058
3 58 0.125241
3 59 0.125337
3 60 0.125352
3 61 0.125258
3 62 0.125059
3 63 0.124728
3 64 0.124269
3 65 0.123654
3 66 0.122889
3 67 0.121950
3 68 0.120842
3 69 0.119544
3 70 0.118064
3 71 0.116384
3 72 0.114514
3 73 0.112441
3 74 0.110177
3 75 0.107713
3 76 0.105062
3 77 0.102220
3 78 0.099202
3 79 0.096007
3 80 0.092650
3 81 0.089133
3 82 0.085473
3 83 0.081672
3 84 0.077747
3 85 0.073701
3 86 0.069551
3 87 0.065300
3 88 0.060963
3 89 0.056544
3 90 0.052057
3 91 0.047504
3 92 0.042899
3 93 0.038243
3 94 0.033548
3 95 0.028817
3 96 0.024057
3 97 0.019273
3 98 0.014471
3 99 0.009655
3 100 0.004830
4 1 0.006036
4 2 0.012064
4 3 0.018077
4 4 0.024064
4 5 0.030020
4 6 0.035932
4 7 0.041796
4 8 0.047597
4 9 0.053332
4 10 0.058984
4 11 0.064549
4 12 0.070011
4 13 0.075365
4 14 0.080593
4 15 0.085693
4 16 0.090645
4 17 0.095448
4 18 0.100082
4 19 0.104549
4 20 0.108828
4 21 0.112926
4 22 0.116822
4 23 0.120525
4 24 0.124018
4 25 0.127314
4 26 0.130396
4 27 0.133284
4 28 0.135963
4 29 0.138455
4 30 0.140750
4 31 0.142873
4 32 0.144815
4 33 0.146605
4 34 0.148236
4 35 0.149739
4 36 0.151106
4 37 0.152370
4 38 0.153524
4 39 0.154601
4 40 0.155591
4 41 0.156527
4 42 0.157398
4 43 0.158235
4 44 0.159023
4 45 0.159793
4 46 0.160526
4 47 0.161250
4 48 0.161942
4 49 0.162628
4 50 0.163282
4 51 0.163924
4 52 0.164527
4 53 0.165108
4 54 0.165634
4 55 0.166121
4 56 0.166533
4 57 0.166882
4 58 0.167130
4 59 0.167286
4 60 0.167313
4 61 0.167217
4 62 0.166959
4 63 0.166545
4 64 0.165939
4 65 0.165145
4 66 0.164130
4 67 0.162900
4 68 0.161424
4 69 0.159711
4 70 0.157735
4 71 0.155507
4 72 0.153007
4 73 0.150250
4 74 0.147220
4 75 0.143935
4 76 0.140386
4 77 0.136593
4 78 0.132551
4 79 0.128283
4 80 0.123788
4 81 0.119089
4 82 0.114188
4 83 0.109109
4 84 0.103855
4 85 0.098449
4 86 0.092895
4 87 0.087216
4 88 0.081415
4 89 0.075513
4 90 0.069513
4 91 0.063433
4 92 0.057278
4 93 0.051062
4 94 0.044790
4 95 0.038473
4 96 0.032116
4 97 0.025730
4 98 0.019318
4 99 0.012889
4 100 0.006447
5 1 0.007562
5 2 0.015114
5 3 0.022645
5 4 0.030148
5 5 0.037608
5 6 0.045019
5 7 0.052365
5 8 0.059639
5 9 0.066824
5 10 0.073913
5 11 0.080886
5 12 0.087739
5 13 0.094448
5 14 0.101010
5 15 0.107400
5 16 0.113617
5 17 0.119633
5 18 0.125451
5 19 0.131044
5 20 0.136416
5 21 0.141542
5 22 0.146431
5 23 0.151058
5 24 0.155438
5 25 0.159549
5 26 0.163411
5 27 0.167005
5 28 0.170356
5 29 0.173449
5 30 0.176315
5 31 0.178941
5 32 0.181362
5 33 0.183568
5 34 0.185597
5 35 0.187441
5 36 0.189140
5 37 0.190685
5 38 0.192118
5 39 0.193429
5 40 0.194660
5 41 0.195798
5 42 0.196883
5 43 0.197901
5 44 0.198889
5 45 0.199827
5 46 0.200751
5 47 0.201637
5 48 0.202517
5 49 0.203361
5 50 0.204199
5 51 0.204996
5 52 0.205776
5 53 0.206502
5 54 0.207192
5 55 0.207806
5 56 0.208359
5 57 0.208805
5 58 0.209156
5 59 0.209365
5 60 0.209441
5 61 0.209336
5 62 0.209056
5 63 0.208554
5 64 0.207836
5 65 0.206858
5 66 0.205624
5 67 0.204095
5 68 0.202279
5 69 0.200141
5 70 0.197692
5 71 0.194902
5 72 0.191790
5 73 0.188331
5 74 0.184547
5 75 0.180422
5 76 0.175981
5 77 0.171215
5 78 0.166152
5 79 0.160788
5 80 0.155153
5 81 0.149248
5 82 0.143103
5 83 0.136721
5 84 0.130134
5 85 0.123345
5 86 0.116383
5 87 0.109254
5 88 0.101984
5 89 0.094579
5 90 0.087062
5 91 0.079438
5 92 0.071729
5 93 0.063938
5 94 0.056084
5 95 0.048170
5 96 0.040211
5 97 0.032212
5 98 0.024185
5 99 0.016135
5 100 0.008071
6 1 0.009098
6 2 0.018184
6 3 0.027248
6 4 0.036274
6 5 0.045255
6 6 0.054171
6 7 0.063017
6 8 0.071771
6 9 0.080426
6 10 0.088958
6 11 0.097363
6 12 0.105612
6 13 0.113700
6 14 0.121600
6 15 0.129306
6 16 0.136788
6 17 0.144045
6 18 0.151045
6 19 0.157791
6 20 0.164250
6 21 0.170430
6 22 0.176301
6 23 0.181876
6 24 0.187127
6 25 0.192074
6 26 0.196693
6 27 0.201011
6 28 0.205007
6 29 0.208716
6 30 0.212121
6 31 0.215261
6 32 0.218125
6 33 0.220756
6 34 0.223145
6 35 0.225339
6 36 0.227328
6 37 0.229164
6 38 0.230835
6 39 0.232392
6 40 0.233822
6 41 0.235177
6 42 0.236438
6 43 0.237654
6 44 0.238804
6 45 0.239932
6 46 0.241014
6 47 0.242089
6 48 0.243126
6 49 0.244161
6 50 0.245156
6 51 0.246143
6 52 0.247079
6 53 0.247990
6 54 0.248827
6 55 0.249611
6 56 0.250290
6 57 0.250879
6 58 0.251323
6 59 0.251632
6 60 0.251750
6 61 0.251683
6 62 0.251375
6 63 0.250831
6 64 0.249995
6 65 0.248873
6 66 0.247414
6 67 0.245624
6 68 0.243457
6 69 0.240925
6 70 0.237988
6 71 0.234663
6 72 0.230919
6 73 0.226777
6 74 0.222216
6 75 0.217262
6 76 0.211902
6 77 0.206169
6 78 0.200054
6 79 0.193595
6 80 0.186789
6 81 0.179675
6 82 0.172255
6 83 0.164566
6 84 0.156614
6 85 0.148436
6 86 0.140038
6 87 0.131453
6 88 0.122688
6 89 0.113774
6 90 0.104717
6 91 0.095544
6 92 0.086261
6 93 0.076890
6 94 0.067437
6 95 0.057920
6 96 0.048346
6 97 0.038729
6 98 0.029076
6 99 0.019399
6 100 0.009703
7 1 0.010647
7 2 0.021281
7 3 0.031888
7 4 0.042455
7 5 0.052964
7 6 0.063407
7 7 0.073761
7 8 0.084017
7 9 0.094150
7 10 0.104152
7 11 0.113994
7 12 0.123668
7 13 0.133142
7 14 0.142410
7 15 0.151436
7 16 0.160216
7 17 0.168714
7 18 0.176930
7 19 0.184824
7 20 0.192402
7 21 0.199627
7 22 0.206510
7 23 0.213017
7 24 0.219166
7 25 0.224927
7 26 0.230326
7 27 0.235338
7 28 0.239999
7 29 0.244287
7 30 0.248245
7 31 0.251859
7 32 0.255178
7 33 0.258188
7 34 0.260947
7 35 0.263442
7 36 0.265733
7 37 0.267809
7 38 0.269730
7 39 0.271482
7 40 0.273128
7 41 0.274649
7 42 0.276105
7 43 0.277473
7 44 0.278809
7 45 0.280086
7 46 0.281354
7 47 0.282579
7 48 0.283808
7 49 0.284999
7 50 0.286193
7 51 0.287342
7 52 0.288478
7 53 0.289550
7 54 0.290584
7 55 0.291520
7 56 0.292379
7 57 0.293098
7 58 0.293691
7 59 0.294090
7 60 0.294307
7 61 0.294272
7 62 0.293992
7 63 0.293399
7 64 0.292499
7 65 0.291228
7 66 0.289591
7 67 0.287530
7 68 0.285055
7 69 0.282115
7 70 0.278725
7 71 0.274844
7 72 0.270494
7 73 0.265643
7 74 0.260322
7 75 0.254509
7 76 0.248240
7 77 0.241503
7 78 0.234341
7 79 0.226748
7 80 0.218770
7 81 0.210408
7 82 0.201707
7 83 0.192674
7 84 0.183352
7 85 0.173748
7 86 0.163906
7 87 0.153832
7 88 0.143565
7 89 0.133113
7 90 0.122509
7 91 0.111761
7 92 0.100897
7 93 0.089923
7 94 0.078865
7 95 0.067728
7 96 0.056532
7 97 0.045283
7 98 0.033996
7 99 0.022680
7 100 0.011345
8 1 0.012211
8 2 0.024407
8 3 0.036573
8 4 0.048692
8 5 0.060753
8 6 0.072732
8 7 0.084619
8 8 0.096387
8 9 0.108027
8 10 0.119507
8 11 0.130818
8 12 0.141925
8 13 0.152820
8 14 0.163462
8 15 0.173845
8 16 0.183927
8 17 0.193705
8 18 0.203134
8 19 0.212216
8 20 0.220907
8 21 0.229214
8 22 0.237096
8 23 0.244568
8 24 0.251593
8 25 0.258196
8 26 0.264346
8 27 0.270076
8 28 0.275362
8 29 0.280249
8 30 0.284716
8 31 0.288817
8 32 0.292539
8 33 0.295941
8 34 0.299013
8 35 0.301821
8 36 0.304354
8 37 0.306682
8 38 0.308793
8 39 0.310757
8 40 0.312558
8 41 0.314266
8 42 0.315859
8 43 0.317404
8 44 0.318874
8 45 0.320329
8 46 0.321736
8 47 0.323149
8 48 0.324527
8 49 0.325918
8 50 0.327274
8 51 0.328633
8 52 0.329942
8 53 0.331231
8 54 0.332437
8 55 0.333587
8 56 0.334609
8 57 0.335522
8 58 0.336251
8 59 0.336808
8 60 0.337115
8 61 0.337179
8 62 0.336921
8 63 0.336345
8 64 0.335375
8 65 0.334015
8 66 0.332192
8 67 0.329915
8 68 0.327119
8 69 0.323816
8 70 0.319953
8 71 0.315552
8 72 0.310569
8 73 0.305035
8 74 0.298920
8 75 0.292262
8 76 0.285044
8 77 0.277312
8 78 0.269058
8 79 0.260332
8 80 0.251135
8 81 0.241520
8 82 0.231493
8 83 0.221107
8 84 0.210370
8 85 0.199332
8 86 0.188004
8 87 0.176433
8 88 0.164627
8 89 0.152628
8 90 0.140445
8 91 0.128113
8 92 0.115641
8 93 0.103059
8 94 0.090373
8 95 0.077608
8 96 0.064771
8 97 0.051882
8 98 0.038947
8 99 0.025983
8 100 0.012996
9 1 0.013791
9 2 0.027566
9 3 0.041307
9 4 0.055000
9 5 0.068623
9 6 0.082164
9 7 0.095595
9 8 0.108906
9 9 0.122063
9 10 0.135056
9 11 0.147847
9 12 0.160426
9 13 0.172749
9 14 0.184809
9 15 0.196556
9 16 0.207985
9 17 0.219045
9 18 0.229733
9 19 0.240000
9 20 0.249847
9 21 0.259225
9 22 0.268146
9 23 0.276565
9 24 0.284503
9 25 0.291920
9 26 0.298849
9 27 0.305259
9 28 0.311195
9 29 0.316630
9 30 0.321624
9 31 0.326156
9 32 0.330295
9 33 0.334025
9 34 0.337423
9 35 0.340475
9 36 0.343263
9 37 0.345774
9 38 0.348089
9 39 0.350194
9 40 0.352170
9 41 0.353997
9 42 0.355753
9 43 0.357411
9 44 0.359045
9 45 0.360621
9 46 0.362204
9 47 0.363753
9 48 0.365326
9 49 0.366873
9 50 0.368443
9 51 0.369977
9 52 0.371517
9 53 0.372993
9 54 0.374440
9 55 0.375780
9 56 0.377037
9 57 0.378129
9 58 0.379071
9 59 0.379776
9 60 0.380252
9 61 0.380408
9 62 0.380250
9 63 0.379686
9 64 0.378720
9 65 0.377265
9 66 0.375324
9 67 0.372819
9 68 0.369760
9 69 0.366077
9 70 0.361789
9 71 0.356841
9 72 0.351260
9 73 0.345007
9 74 0.338121
9 75 0.330575
9 76 0.322420
9 77 0.313642
9 78 0.304298
9 79 0.294386
9 80 0.283966
9 81 0.273044
9 82 0.261682
9 83 0.249890
9 84 0.237727
9 85 0.225206
9 86 0.212382
9 87 0.199268
9 88 0.185912
9 89 0.172327
9 90 0.158555
9 91 0.144606
9 92 0.130518
9 93 0.116298
9 94 0.101976
9 95 0.087560
9 96 0.073075
9 97 0.058526
9 98 0.043935
9 99 0.029308
9 100 0.014660
10 1 0.015389
10 2 0.030759
10 3 0.046096
10 4 0.061378
10 5 0.076590
10 6 0.091706
10 7 0.106713
10 8 0.121578
10 9 0.136290
10 10 0.150808
10 11 0.165121
10 12 0.179182
10 13 0.192982
10 14 0.206467
10 15 0.219629
10 16 0.232410
10 17 0.244805
10 18 0.256755
10 19 0.268257
10 20 0.279255
10 21 0.289754
10 22 0.299700
10 23 0.309109
10 24 0.317933
10 25 0.326201
10 26 0.333872
10 27 0.340991
10 28 0.347526
10 29 0.353534
10 30 0.358993
10 31 0.363973
10 32 0.368459
10 33 0.372531
10 34 0.376177
10 35 0.379487
10 36 0.382449
10 37 0.385156
10 38 0.387595
10 39 0.389859
10 40 0.391930
10 41 0.393900
10 42 0.395743
10 43 0.397545
10 44 0.399274
10 45 0.401008
10 46 0.402706
10 47 0.404437
10 48 0.406151
10 49 0.407908
10 50 0.409648
10 51 0.411420
10 52 0.413154
10 53 0.414890
10 54 0.416548
10 55 0.418158
10 56 0.419631
10 57 0.420986
10 58 0.422129
10 59 0.423069
10 60 0.423707
10 61 0.424046
10 62 0.423984
10 63 0.423520
10 64 0.422554
10 65 0.421086
10 66 0.419020
10 67 0.416361
10 68 0.413024
10 69 0.409022
10 70 0.404285
10 71 0.398836
10 72 0.392623
10 73 0.385683
10 74 0.377980
10 75 0.369564
10 76 0.360418
10 77 0.350600
10 78 0.340106
10 79 0.329003
10 80 0.317298
10 81 0.305060
10 82 0.292301
10 83 0.279090
10 84 0.265443
10 85 0.251425
10 86 0.237051
10 87 0.222380
10 88 0.207427
10 89 0.192243
10 90 0.176842
10 91 0.161266
10 92 0.145526
10 93 0.129659
10 94 0.113673
10 95 0.097598
10 96 0.081441
10 97 0.065225
10 98 0.048958
10 99 0.032659
10 100 0.016335
11 1 0.017005
11 2 0.033993
11 3 0.050942
11 4 0.067838
11 5 0.084653
11 6 0.101376
11 7 0.117973
11 8 0.134431
11 9 0.150710
11 10 0.166797
11 11 0.182645
11 12 0.198240
11 13 0.213528
11 14 0.228495
11 15 0.243081
11 16 0.257274
11 17 0.271010
11 18 0.284280
11 19 0.297019
11 20 0.309225
11 21 0.320836
11 22 0.331859
11 23 0.342237
11 24 0.351994
11 25 0.361078
11 26 0.369529
11 27 0.377308
11 28 0.384470
11 29 0.390987
11 30 0.396932
11 31 0.402285
11 32 0.407132
11 33 0.411461
11 34 0.415368
11 35 0.418845
11 36 0.421994
11 37 0.424805
11 38 0.427383
11 39 0.429715
11 40 0.431903
11 41 0.433928
11 42 0.435887
11 43 0.437752
11 44 0.439613
11 45 0.441432
11 46 0.443290
11 47 0.445139
11 48 0.447050
11 49 0.448962
11 50 0.450936
11 51 0.452900
11 52 0.454904
11 53 0.456864
11 54 0.458818
11 55 0.460672
11 56 0.462452
11 57 0.464056
11 58 0.465497
11 59 0.466666
11 60 0.467567
11 61 0.468086
11 62 0.468221
11 63 0.467857
11 64 0.466988
11 65 0.465504
11 66 0.463402
11 67 0.460580
11 68 0.457043
11 69 0.452702
11 70 0.447576
11 71 0.441596
11 72 0.434793
11 73 0.427121
11 74 0.418627
11 75 0.409285
11 76 0.399156
11 77 0.388232
11 78 0.376587
11 79 0.364224
11 80 0.351223
11 81 0.337596
11 82 0.323425
11 83 0.308727
11 84 0.293579
11 85 0.277999
11 86 0.262059
11 87 0.245775
11 88 0.229210
11 89 0.212379
11 90 0.195334
11 91 0.178089
11 92 0.160688
11 93 0.143139
11 94 0.125480
11 95 0.107717
11 96 0.089880
11 97 0.071975
11 98 0.054024
11 99 0.036034
11 100 0.018023
12 1 0.018642
12 2 0.037265
12 3 0.055851
12 4 0.074377
12 5 0.092828
12 6 0.111172
12 7 0.129397
12 8 0.147462
12 9 0.165354
12 10 0.183026
12 11 0.200462
12 12 0.217605
12 13 0.234441
12 14 0.250905
12 15 0.266980
12 16 0.282596
12 17 0.297740
12 18 0.312337
12 19 0.326379
12 20 0.339792
12 21 0.352577
12 22 0.364663
12 23 0.376067
12 24 0.386726
12 25 0.396673
12 26 0.405857
12 27 0.414331
12 28 0.422058
12 29 0.429110
12 30 0.435462
12 31 0.441204
12 32 0.446322
12 33 0.450920
12 34 0.454989
12 35 0.458643
12 36 0.461876
12 37 0.464803
12 38 0.467418
12 39 0.469834
12 40 0.472039
12 41 0.474144
12 42 0.476125
12 43 0.478086
12 44 0.479993
12 45 0.481941
12 46 0.483884
12 47 0.485905
12 48 0.487946
12 49 0.490079
12 50 0.492233
12 51 0.494467
12 52 0.496697
12 53 0.498969
12 54 0.501187
12 55 0.503383
12 56 0.505451
12 57 0.507408
12 58 0.509137
12 59 0.510646
12 60 0.511809
12 61 0.512622
12 62 0.512958
12 63 0.512806
12 64 0.512038
12 65 0.510645
12 66 0.508505
12 67 0.505614
12 68 0.501864
12 69 0.497262
12 70 0.491722
12 71 0.485267
12 72 0.477833
12 73 0.469464
12 74 0.460122
12 75 0.449869
12 76 0.438689
12 77 0.426660
12 78 0.413785
12 79 0.400150
12 80 0.385771
12 81 0.370739
12 82 0.355076
12 83 0.338870
12 84 0.322146
12 85 0.304985
12 86 0.287410
12 87 0.269495
12 88 0.251259
12 89 0.232764
12 90 0.214028
12 91 0.195101
12 92 0.175996
12 93 0.156756
12 94 0.137390
12 95 0.117931
12 96 0.098387
12 97 0.078783
12 98 0.059127
12 99 0.039438
12 100 0.019724
13 1 0.020299
13 2 0.040581
13 3 0.060822
13 4 0.081008
13 5 0.101109
13 6 0.121112
13 7 0.140980
13 8 0.160697
13 9 0.180219
13 10 0.199529
13 11 0.218570
13 12 0.237324
13 13 0.255726
13 14 0.273755
13 15 0.291337
13 16 0.308451
13 17 0.325016
13 18 0.341017
13 19 0.356368
13 20 0.371061
13 21 0.385015
13 22 0.398233
13 23 0.410640
13 24 0.422260
13 25 0.433029
13 26 0.442991
13 27 0.452101
13 28 0.460424
13 29 0.467931
13 30 0.474710
13 31 0.480746
13 32 0.486146
13 33 0.490906
13 34 0.495145
13 35 0.498862
13 36 0.502186
13 37 0.505114
13 38 0.507776
13 39 0.510165
13 40 0.512406
13 41 0.514484
13 42 0.516516
13 43 0.518474
13 44 0.520468
13 45 0.522456
13 46 0.524535
13 47 0.526651
13 48 0.528888
13 49 0.531177
13 50 0.533588
13 51 0.536038
13 52 0.538584
13 53 0.541128
13 54 0.543712
13 55 0.546224
13 56 0.548690
13 57 0.550987
13 58 0.553126
13 59 0.554972
13 60 0.556524
13 61 0.557637
13 62 0.558302
13 63 0.558371
13 64 0.557829
13 65 0.556533
13 66 0.554469
13 67 0.551507
13 68 0.547641
13 69 0.542762
13 70 0.536882
13 71 0.529916
13 72 0.521901
13 73 0.512781
13 74 0.502616
13 75 0.491380
13 76 0.479153
13 77 0.465934
13 78 0.451818
13 79 0.436820
13 80 0.421043
13 81 0.404514
13 82 0.387333
13 83 0.369532
13 84 0.351206
13 85 0.332384
13 86 0.313152
13 87 0.293536
13 88 0.273609
13 89 0.253393
13 90 0.232948
13 91 0.212291
13 92 0.191471
13 93 0.170500
13 94 0.149417
13 95 0.128230
13 96 0.106970
13 97 0.085644
13 98 0.064274
13 99 0.042866
13 100 0.021439
14 1 0.021978
14 2 0.043937
14 3 0.065860
14 4 0.087722
14 5 0.109509
14 6 0.131187
14 7 0.152741
14 8 0.174129
14 9 0.195333
14 10 0.216300
14 11 0.237010
14 12 0.257397
14 13 0.277437
14 14 0.297054
14 15 0.316222
14 16 0.334854
14 17 0.352927
14 18 0.370346
14 19 0.387092
14 20 0.403071
14 21 0.418273
14 22 0.432612
14 23 0.446094
14 24 0.458643
14 25 0.470291
14 26 0.480978
14 27 0.490762
14 28 0.499605
14 29 0.507591
14 30 0.514700
14 31 0.521042
14 32 0.526612
14 33 0.531537
14 34 0.535821
14 35 0.539604
14 36 0.542891
14 37 0.545825
14 38 0.548408
14 39 0.550782
14 40 0.552938
14 41 0.555011
14 42 0.556980
14 43 0.558971
14 44 0.560949
14 45 0.563025
14 46 0.565151
14 47 0.567424
14 48 0.569778
14 49 0.572299
14 50 0.574903
14 51 0.577660
14 52 0.580473
14 53 0.583394
14 54 0.586309
14 55 0.589253
14 56 0.592100
14 57 0.594865
14 58 0.597409
14 59 0.599730
14 60 0.601676
14 61 0.603233
14 62 0.604241
14 63 0.604675
14 64 0.604373
14 65 0.603311
14 66 0.601332
14 67 0.598418
14 68 0.594432
14 69 0.589371
14 70 0.583126
14 71 0.575719
14 72 0.567073
14 73 0.557240
14 74 0.546181
14 75 0.533973
14 76 0.520609
14 77 0.506190
14 78 0.490732
14 79 0.474347
14 80 0.457067
14 81 0.439010
14 82 0.420211
14 83 0.400782
14 84 0.380762
14 85 0.360250
14 86 0.339279
14 87 0.317937
14 88 0.296250
14 89 0.274293
14 90 0.252082
14 91 0.229680
14 92 0.207098
14 93 0.184384
14 94 0.161547
14 95 0.138624
14 96 0.115620
14 97 0.092563
14 98 0.069457
14 99 0.046323
14 100 0.023166
15 1 0.023677
15 2 0.047338
15 3 0.070960
15 4 0.094530
15 5 0.118018
15 6 0.141412
15 7 0.164670
15 8 0.187779
15 9 0.210686
15 10 0.233373
15 11 0.255774
15 12 0.277867
15 13 0.299572
15 14 0.320862
15 15 0.341643
15 16 0.361887
15 17 0.381491
15 18 0.400425
15 19 0.418583
15 20 0.435941
15 21 0.452396
15 22 0.467941
15 23 0.482480
15 24 0.496029
15 25 0.508513
15 26 0.519976
15 27 0.530365
15 28 0.539759
15 29 0.548128
15 30 0.555581
15 31 0.562111
15 32 0.567851
15 33 0.572808
15 34 0.577134
15 35 0.580842
15 36 0.584089
15 37 0.586887
15 38 0.589396
15 39 0.591616
15 40 0.593701
15 41 0.595641
15 42 0.597577
15 43 0.599482
15 44 0.601487
15 45 0.603546
15 46 0.605776
15 47 0.608115
15 48 0.610661
15 49 0.613336
15 50 0.616224
15 51 0.619227
15 52 0.622411
15 53 0.625664
15 54 0.629030
15 55 0.632381
15 56 0.635741
15 57 0.638966
15 58 0.642060
15 59 0.644863
15 60 0.647360
15 61 0.649379
15 62 0.650891
15 63 0.651714
15 64 0.651811
15 65 0.651004
15 66 0.649256
15 67 0.646402
15 68 0.642418
15 69 0.637165
15 70 0.630647
15 71 0.622759
15 72 0.613539
15 73 0.602926
15 74 0.590994
15 75 0.577722
15 76 0.563214
15 77 0.547485
15 78 0.530658
15 79 0.512768
15 80 0.493949
15 81 0.474247
15 82 0.453790
15 83 0.432626
15 84 0.410874
15 85 0.388575
15 86 0.365834
15 87 0.342684
15 88 0.319213
15 89 0.295445
15 90 0.271451
15 91 0.247248
15 92 0.222891
15 93 0.198392
15 94 0.173792
15 95 0.149099
15 96 0.124343
15 97 0.099530
15 98 0.074681
15 99 0.049801
15 100 0.024906
16 1 0.025397
16 2 0.050777
16 3 0.076126
16 4 0.101420
16 5 0.126646
16 6 0.151771
16 7 0.176781
16 8 0.201630
16 9 0.226300
16 10 0.250730
16 11 0.274898
16 12 0.298725
16 13 0.322183
16 14 0.345177
16 15 0.367672
16 16 0.389560
16 17 0.410802
16 18 0.431281
16 19 0.450958
16 20 0.469715
16 21 0.487525
16 22 0.504274
16 23 0.519958
16 24 0.534481
16 25 0.547867
16 26 0.560047
16 27 0.571084
16 28 0.580937
16 29 0.589708
16 30 0.597384
16 31 0.604102
16 32 0.609872
16 33 0.614852
16 34 0.619066
16 35 0.622686
16 36 0.625736
16 37 0.628392
16 38 0.630671
16 39 0.632743
16 40 0.634611
16 41 0.636436
16 42 0.638203
16 43 0.640059
16 44 0.641969
16 45 0.644065
16 46 0.646292
16 47 0.648766
16 48 0.651413
16 49 0.654331
16 50 0.657428
16 51 0.660781
16 52 0.664281
16 53 0.667986
16 54 0.671767
16 55 0.675661
16 56 0.679519
16 57 0.683355
16 58 0.687004
16 59 0.690455
16 60 0.693524
16 61 0.696181
16 62 0.698229
16 63 0.699621
16 64 0.700154
16 65 0.699775
16 66 0.698287
16 67 0.695645
16 68 0.691673
16 69 0.686349
16 70 0.679536
16 71 0.671248
16 72 0.661397
16 73 0.650042
16 74 0.637145
16 75 0.622809
16 76 0.607040
16 77 0.589973
16 78 0.571645
16 79 0.552207
16 80 0.531715
16 81 0.510318
16 82 0.488076
16 83 0.465130
16 84 0.441532
16 85 0.417407
16 86 0.392798
16 87 0.367810
16 88 0.342473
16 89 0.316872
16 90 0.291029
16 91 0.265010
16 92 0.238828
16 93 0.212532
16 94 0.186131
16 95 0.159661
16 96 0.133125
16 97 0.106549
16 98 0.079937
16 99 0.053304
16 100 0.026655
17 1 0.027135
17 2 0.054257
17 3 0.081347
17 4 0.108396
17 5 0.135376
17 6 0.162275
17 7 0.189054
17 8 0.215700
17 9 0.242155
17 10 0.268400
17 11 0.294362
17 12 0.320012
17 13 0.345257
17 14 0.370059
17 15 0.394308
17 16 0.417956
17 17 0.440878
17 18 0.463023
17 19 0.484256
17 20 0.504531
17 21 0.523714
17 22 0.541777
17 23 0.558599
17 24 0.574181
17 25 0.588428
17 26 0.601383
17 27 0.612986
17 28 0.623326
17 29 0.632381
17 30 0.640284
17 31 0.647043
17 32 0.652827
17 33 0.657664
17 34 0.661743
17 35 0.665101
17 36 0.667935
17 37 0.670275
17 38 0.672316
17 39 0.674074
17 40 0.675733
17 41 0.677290
17 42 0.678914
17 43 0.680581
17 44 0.682441
17 45 0.684451
17 46 0.686740
17 47 0.689244
17 48 0.692074
17 49 0.695147
17 50 0.698553
17 51 0.702188
17 52 0.706123
17 53 0.710232
17 54 0.714566
17 55 0.718976
17 56 0.723488
17 57 0.727933
17 58 0.732310
17 59 0.736428
17 60 0.740260
17 61 0.743593
17 62 0.746378
17 63 0.748388
17 64 0.749557
17 65 0.749655
17 66 0.748613
17 67 0.746217
17 68 0.742413
17 69 0.737022
17 70 0.730026
17 71 0.721300
17 72 0.710878
17 73 0.698698
17 74 0.684848
17 75 0.669327
17 76 0.652270
17 77 0.633719
17 78 0.613840
17 79 0.592700
17 80 0.570473
17 81 0.547234
17 82 0.523147
17 83 0.498284
17 84 0.472790
17 85 0.446724
17 86 0.420207
17 87 0.393283
17 88 0.366052
17 89 0.338542
17 90 0.310832
17 91 0.282936
17 92 0.254916
17 93 0.226779
17 94 0.198569
17 95 0.170288
17 96 0.141967
17 97 0.113606
17 98 0.085225
17 99 0.056824
17 100 0.028415
18 1 0.028890
18 2 0.057768
18 3 0.086626
18 4 0.115443
18 5 0.144211
18 6 0.172900
18 7 0.201498
18 8 0.229959
18 9 0.258266
18 10 0.286353
18 11 0.314195
18 12 0.341703
18 13 0.368840
18 14 0.395496
18 15 0.421620
18 16 0.447080
18 17 0.471815
18 18 0.495678
18 19 0.518605
18 20 0.540439
18 21 0.561128
18 22 0.580522
18 23 0.598593
18 24 0.615215
18 25 0.630403
18 26 0.644070
18 27 0.656282
18 28 0.667001
18 29 0.676348
18 30 0.684327
18 31 0.691108
18 32 0.696728
18 33 0.701388
18 34 0.705141
18 35 0.708204
18 36 0.710627
18 37 0.712628
18 38 0.714243
18 39 0.715680
18 40 0.716955
18 41 0.718258
18 42 0.719581
18 43 0.721094
18 44 0.722765
18 45 0.724743
18 46 0.726972
18 47 0.729582
18 48 0.732494
18 49 0.735817
18 50 0.739450
18 51 0.743482
18 52 0.747790
18 53 0.752440
18 54 0.757287
18 55 0.762371
18 56 0.767524
18 57 0.772757
18 58 0.777876
18 59 0.782861
18 60 0.787493
18 61 0.791720
18 62 0.795301
18 63 0.798156
18 64 0.800029
18 65 0.800827
18 66 0.800294
18 67 0.798341
18 68 0.794741
18 69 0.789435
18 70 0.782247
18 71 0.773176
18 72 0.762119
18 73 0.749143
18 74 0.734223
18 75 0.717493
18 76 0.698992
18 77 0.678899
18 78 0.657295
18 79 0.634378
18 80 0.610243
18 81 0.585085
18 82 0.558996
18 83 0.532149
18 84 0.504622
18 85 0.476561
18 86 0.448023
18 87 0.419127
18 88 0.389911
18 89 0.360468
18 90 0.330818
18 91 0.301033
18 92 0.271122
18 93 0.241137
18 94 0.211079
18 95 0.180984
18 96 0.150850
18 97 0.120701
18 98 0.090534
18 99 0.060361
18 100 0.030181
19 1 0.030659
19 2 0.061311
19 3 0.091946
19 4 0.122559
19 5 0.153127
19 6 0.183647
19 7 0.214080
19 8 0.244415
19 9 0.274597
19 10 0.304606
19 11 0.334361
19 12 0.363830
19 13 0.392905
19 14 0.421538
19 15 0.449596
19 16 0.477011
19 17 0.503626
19 18 0.529364
19 19 0.554047
19 20 0.577598
19 21 0.599837
19 22 0.620703
19 23 0.640035
19 24 0.657808
19 25 0.673900
19 26 0.688344
19 27 0.701073
19 28 0.712189
19 29 0.721682
19 30 0.729718
19 31 0.736335
19 32 0.741747
19 33 0.746021
19 34 0.749397
19 35 0.751947
19 36 0.753916
19 37 0.755365
19 38 0.756530
19 39 0.757449
19 40 0.758337
19 41 0.759206
19 42 0.760250
19 43 0.761450
19 44 0.762976
19 45 0.764784
19 46 0.767021
19 47 0.769618
19 48 0.772701
19 49 0.776175
19 50 0.780146
19 51 0.784498
19 52 0.789312
19 53 0.794449
19 54 0.799965
19 55 0.805697
19 56 0.811670
19 57 0.817693
19 58 0.823759
19 59 0.829646
19 60 0.835308
19 61 0.840494
19 62 0.845120
19 63 0.848906
19 64 0.851740
19 65 0.853329
19 66 0.853548
19 67 0.852114
19 68 0.848920
19 69 0.843730
19 70 0.836489
19 71 0.827038
19 72 0.815407
19 73 0.801531
19 74 0.785529
19 75 0.767429
19 76 0.747419
19 77 0.725590
19 78 0.702167
19 79 0.677272
19 80 0.651132
19 81 0.623868
19 82 0.595689
19 83 0.566695
19 84 0.537066
19 85 0.506876
19 86 0.476267
19 87 0.445292
19 88 0.414059
19 89 0.382599
19 90 0.350993
19 91 0.319255
19 92 0.287446
19 93 0.255566
19 94 0.223658
19 95 0.191718
19 96 0.159773
19 97 0.127816
19 98 0.095862
19 99 0.063906
19 100 0.031953
20 1 0.032438
20 2 0.064872
20 3 0.097304
20 4 0.129719
20 5 0.162121
20 6 0.194481
20 7 0.226798
20 8 0.259026
20 9 0.291153
20 10 0.323112
20 11 0.354876
20 12 0.386349
20 13 0.417485
20 14 0.448157
20 15 0.478297
20 16 0.507743
20 17 0.536409
20 18 0.564103
20 19 0.590725
20 20 0.616067
20 21 0.640033
20 22 0.662420
20 23 0.683159
20 24 0.702082
20 25 0.719177
20 26 0.734334
20 27 0.747620
20 28 0.759000
20 29 0.768625
20 30 0.776528
20 31 0.782928
20 32 0.787905
20 33 0.791723
20 34 0.794479
20 35 0.796449
20 36 0.797724
20 37 0.798574
20 38 0.799063
20 39 0.799440
20 40 0.799738
20 41 0.800178
20 42 0.800762
20 43 0.801681
20 44 0.802905
20 45 0.804601
20 46 0.806711
20 47 0.809376
20 48 0.812514
20 49 0.816245
20 50 0.820461
20 51 0.825259
20 52 0.830509
20 53 0.836283
20 54 0.842427
20 55 0.848981
20 56 0.855764
20 57 0.862783
20 58 0.869821
20 59 0.876845
20 60 0.883600
20 61 0.890009
20 62 0.895777
20 63 0.900782
20 64 0.904697
20 65 0.907366
20 66 0.908455
20 67 0.907802
20 68 0.905097
20 69 0.900222
20 70 0.892941
20 71 0.883220
20 72 0.870938
20 73 0.856176
20 74 0.838933
20 75 0.819397
20 76 0.797664
20 77 0.773987
20 78 0.748513
20 79 0.721514
20 80 0.693146
20 81 0.663661
20 82 0.633195
20 83 0.601964
20 84 0.570070
20 85 0.537686
20 86 0.504879
20 87 0.471782
20 88 0.438435
20 89 0.404935
20 90 0.371300
20 91 0.337600
20 92 0.303839
20 93 0.270064
20 94 0.236270
20 95 0.202488
20 96 0.168707
20 97 0.134946
20 98 0.101193
20 99 0.067456
20 100 0.033725
21 1 0.034222
21 2 0.068448
21 3 0.102678
21 4 0.136918
21 5 0.171155
21 6 0.205394
21 7 0.239604
21 8 0.273784
21 9 0.307878
21 10 0.341872
21 11 0.375683
21 12 0.409275
21 13 0.442530
21 14 0.475388
21 15 0.507691
21 16 0.539348
21 17 0.570163
21 18 0.600017
21 19 0.628682
21 20 0.656026
21 21 0.681807
21 22 0.705906
21 23 0.728100
21 24 0.748317
21 25 0.766391
21 26 0.782337
21 27 0.796073
21 28 0.807720
21 29 0.817291
21 30 0.825003
21 31 0.830943
21 32 0.835396
21 33 0.838487
21 34 0.840528
21 35 0.841646
21 36 0.842150
21 37 0.842142
21 38 0.841906
21 39 0.841509
21 40 0.841201
21 41 0.841007
21 42 0.841147
21 43 0.841607
21 44 0.842575
21 45 0.844005
21 46 0.846059
21 47 0.848662
21 48 0.851952
21 49 0.855829
21 50 0.860408
21 51 0.865567
21 52 0.871396
21 53 0.877749
21 54 0.884687
21 55 0.892037
21 56 0.899828
21 57 0.907852
21 58 0.916096
21 59 0.924311
21 60 0.932432
21 61 0.940164
21 62 0.947384
21 63 0.953746
21 64 0.959074
21 65 0.962985
21 66 0.965269
21 67 0.965541
21 68 0.963602
21 69 0.959121
21 70 0.951979
21 71 0.941964
21 72 0.929089
21 73 0.913300
21 74 0.894761
21 75 0.873561
21 76 0.849975
21 77 0.824180
21 78 0.796496
21 79 0.767125
21 80 0.736378
21 81 0.704435
21 82 0.671561
21 83 0.637897
21 84 0.603651
21 85 0.568918
21 86 0.533857
21 87 0.498522
21 88 0.463030
21 89 0.427405
21 90 0.391729
21 91 0.356006
21 92 0.320293
21 93 0.284581
21 94 0.248907
21 95 0.213256
21 96 0.177649
21 97 0.142069
21 98 0.106525
21 99 0.071001
21 100 0.035497
22 1 0.036006
22 2 0.072021
22 3 0.108060
22 4 0.144121
22 5 0.180218
22 6 0.216337
22 7 0.252485
22 8 0.288626
22 9 0.324758
22 10 0.360814
22 11 0.396774
22 12 0.432536
22 13 0.468051
22 14 0.503174
22 15 0.537820
22 16 0.571796
22 17 0.604976
22 18 0.637120
22 19 0.668070
22 20 0.697548
22 21 0.725385
22 22 0.751299
22 23 0.775149
22 24 0.796695
22 25 0.815878
22 26 0.832548
22 27 0.846770
22 28 0.858516
22 29 0.867980
22 30 0.875249
22 31 0.880621
22 32 0.884249
22 33 0.886484
22 34 0.887499
22 35 0.887650
22 36 0.887087
22 37 0.886139
22 38 0.884912
22 39 0.883697
22 40 0.882549
22 41 0.881718
22 42 0.881212
22 43 0.881244
22 44 0.881782
22 45 0.883008
22 46 0.884858
22 47 0.887485
22 48 0.890801
22 49 0.894936
22 50 0.899776
22 51 0.905430
22 52 0.911760
22 53 0.918849
22 54 0.926535
22 55 0.934869
22 56 0.943659
22 57 0.952913
22 58 0.962399
22 59 0.972075
22 60 0.981653
22 61 0.991027
22 62 0.999847
22 63 1.007932
22 64 1.014868
22 65 1.020408
22 66 1.024097
22 67 1.025657
22 68 1.024648
22 69 1.020839
22 70 1.013891
22 71 1.003713
22 72 0.990152
22 73 0.973313
22 74 0.953249
22 75 0.930241
22 76 0.904494
22 77 0.876381
22 78 0.846164
22 79 0.814225
22 80 0.780806
22 81 0.746241
22 82 0.710719
22 83 0.674502
22 84 0.637718
22 85 0.600562
22 86 0.563108
22 87 0.525495
22 88 0.487757
22 89 0.449991
22 90 0.412203
22 91 0.374457
22 92 0.336744
22 93 0.299105
22 94 0.261520
22 95 0.224014
22 96 0.186563
22 97 0.149177
22 98 0.111835
22 99 0.074536
22 100 0.037261
23 1 0.037782
23 2 0.075584
23 3 0.113419
23 4 0.151311
23 5 0.189260
23 6 0.227287
23 7 0.265373
23 8 0.303529
23 9 0.341712
23 10 0.379916
23 11 0.418063
23 12 0.456120
23 13 0.493964
23 14 0.531523
23 15 0.568620
23 16 0.605135
23 17 0.640827
23 18 0.675526
23 19 0.708930
23 20 0.740829
23 21 0.770886
23 22 0.798885
23 23 0.824501
23 24 0.847579
23 25 0.867875
23 26 0.885362
23 27 0.899941
23 28 0.911755
23 29 0.920865
23 30 0.927568
23 31 0.932041
23 32 0.934678
23 33 0.935702
23 34 0.935530
23 35 0.934370
23 36 0.932612
23 37 0.930415
23 38 0.928118
23 39 0.925817
23 40 0.923800
23 41 0.922103
23 42 0.920965
23 43 0.920374
23 44 0.920532
23 45 0.921387
23 46 0.923110
23 47 0.925621
23 48 0.929065
23 49 0.933338
23 50 0.938564
23 51 0.944615
23 52 0.951595
23 53 0.959352
23 54 0.967962
23 55 0.977247
23 56 0.987245
23 57 0.997743
23 58 1.008728
23 59 1.019935
23 60 1.031286
23 61 1.042443
23 62 1.053243
23 63 1.063265
23 64 1.072246
23 65 1.079682
23 66 1.085230
23 67 1.088342
23 68 1.088661
23 69 1.085694
23 70 1.079190
23 71 1.068845
23 72 1.054641
23 73 1.036549
23 74 1.014817
23 75 0.989661
23 76 0.961505
23 77 0.930686
23 78 0.897674
23 79 0.862802
23 80 0.826491
23 81 0.789004
23 82 0.750672
23 83 0.711673
23 84 0.672249
23 85 0.632502
23 86 0.592600
23 87 0.552591
23 88 0.512585
23 89 0.472597
23 90 0.432696
23 91 0.392874
23 92 0.353173
23 93 0.313573
23 94 0.274096
23 95 0.234715
23 96 0.195440
23 97 0.156242
23 98 0.117121
23 99 0.078048
23 100 0.039016
24 1 0.039543
24 2 0.079113
24 3 0.118742
24 4 0.158446
24 5 0.198258
24 6 0.238179
24 7 0.278235
24 8 0.318406
24 9 0.358704
24 10 0.399076
24 11 0.439513
24 12 0.479917
24 13 0.520242
24 14 0.560335
24 15 0.600095
24 16 0.639297
24 17 0.677776
24 18 0.715226
24 19 0.751412
24 20 0.785954
24 21 0.818572
24 22 0.848853
24 23 0.876532
24 24 0.901244
24 25 0.922832
24 26 0.941083
24 27 0.956040
24 28 0.967700
24 29 0.976330
24 30 0.982115
24 31 0.985484
24 32 0.986720
24 33 0.986313
24 34 0.984548
24 35 0.981893
24 36 0.978577
24 37 0.975005
24 38 0.971328
24 39 0.967879
24 40 0.964732
24 41 0.962159
24 42 0.960171
24 43 0.958992
24 44 0.958585
24 45 0.959137
24 46 0.960576
24 47 0.963064
24 48 0.966501
24 49 0.971028
24 50 0.976526
24 51 0.983113
24 52 0.990652
24 53 0.999239
24 54 1.008713
24 55 1.019142
24 56 1.030332
24 57 1.042309
24 58 1.054835
24 59 1.067870
24 60 1.081110
24 61 1.094426
24 62 1.107417
24 63 1.119838
24 64 1.131168
24 65 1.141032
24 66 1.148798
24 67 1.153996
24 68 1.155961
24 69 1.154249
24 70 1.148332
24 71 1.137989
24 72 1.123019
24 73 1.103568
24 74 1.079811
24 75 1.052212
24 76 1.021181
24 77 0.987308
24 78 0.951044
24 79 0.912934
24 80 0.873350
24 81 0.832718
24 82 0.791290
24 83 0.749369
24 84 0.707101
24 85 0.664687
24 86 0.622198
24 87 0.579761
24 88 0.537396
24 89 0.495183
24 90 0.453111
24 91 0.411227
24 92 0.369503
24 93 0.327963
24 94 0.286574
24 95 0.245345
24 96 0.204239
24 97 0.163254
24 98 0.122356
24 99 0.081533
24 100 0.040754
25 1 0.041278
25 2 0.082597
25 3 0.123989
25 4 0.165499
25 5 0.207147
25 6 0.248975
25 7 0.290984
25 8 0.333208
25 9 0.375621
25 10 0.418238
25 11 0.460994
25 12 0.503872
25 13 0.546754
25 14 0.589570
25 15 0.632128
25 16 0.674285
25 17 0.715755
25 18 0.756304
25 19 0.795536
25 20 0.833128
25 21 0.868594
25 22 0.901561
25 23 0.931529
25 24 0.958179
25 25 0.981127
25 26 1.000257
25 27 1.015436
25 28 1.026845
25 29 1.034639
25 30 1.039262
25 31 1.041059
25 32 1.040602
25 33 1.038280
25 34 1.034662
25 35 1.030076
25 36 1.025015
25 37 1.019702
25 38 1.014536
25 39 1.009638
25 40 1.005323
25 41 1.001630
25 42 0.998809
25 43 0.996839
25 44 0.995924
25 45 0.996000
25 46 0.997242
25 47 0.999557
25 48 1.003097
25 49 1.007748
25 50 1.013646
25 51 1.020660
25 52 1.028907
25 53 1.038240
25 54 1.048753
25 55 1.060275
25 56 1.072869
25 57 1.086328
25 58 1.100660
25 59 1.115601
25 60 1.131078
25 61 1.146734
25 62 1.162372
25 63 1.177500
25 64 1.191755
25 65 1.204478
25 66 1.215122
25 67 1.222882
25 68 1.227111
25 69 1.227010
25 70 1.222060
25 71 1.211761
25 72 1.196028
25 73 1.174892
25 74 1.148789
25 75 1.118194
25 76 1.083832
25 77 1.046320
25 78 1.006381
25 79 0.964542
25 80 0.921371
25 81 0.877229
25 82 0.832507
25 83 0.787412
25 84 0.742193
25 85 0.696948
25 86 0.651828
25 87 0.606859
25 88 0.562130
25 89 0.517629
25 90 0.473403
25 91 0.429419
25 92 0.385700
25 93 0.342203
25 94 0.298935
25 95 0.255852
25 96 0.212948
25 97 0.170180
25 98 0.127535
25 99 0.084973
25 100 0.042472
26 1 0.042979
26 2 0.086007
26 3 0.129139
26 4 0.172415
26 5 0.215890
26 6 0.259590
26 7 0.303566
26 8 0.347821
26 9 0.392396
26 10 0.437260
26 11 0.482428
26 12 0.527824
26 13 0.573418
26 14 0.619063
26 15 0.664659
26 16 0.709961
26 17 0.754766
26 18 0.798697
26 19 0.841424
26 20 0.882426
26 21 0.921249
26 22 0.957268
26 23 0.989989
26 24 1.018816
26 25 1.043397
26 26 1.063382
26 27 1.078770
26 28 1.089606
26 29 1.096300
26 30 1.099236
26 31 1.099081
26 32 1.096349
26 33 1.091749
26 34 1.085746
26 35 1.078954
26 36 1.071704
26 37 1.064481
26 38 1.057474
26 39 1.051053
26 40 1.045293
26 41 1.040475
26 42 1.036597
26 43 1.033881
26 44 1.032271
26 45 1.031953
26 46 1.032836
26 47 1.035083
26 48 1.038582
26 49 1.043480
26 50 1.049651
26 51 1.057229
26 52 1.066077
26 53 1.076312
26 54 1.087782
26 55 1.100584
26 56 1.114542
26 57 1.129712
26 58 1.145876
26 59 1.163027
26 60 1.180867
26 61 1.199278
26 62 1.217835
26 63 1.236243
26 64 1.253876
26 65 1.270197
26 66 1.284330
26 67 1.295482
26 68 1.302592
26 69 1.304789
26 70 1.301137
26 71 1.291126
26 72 1.274440
26 73 1.251331
26 74 1.222259
26 75 1.188081
26 76 1.149633
26 77 1.107889
26 78 1.063618
26 79 1.017601
26 80 0.970364
26 81 0.922430
26 82 0.874096
26 83 0.825679
26 84 0.777312
26 85 0.729176
26 86 0.681306
26 87 0.633799
26 88 0.586638
26 89 0.539870
26 90 0.493453
26 91 0.447406
26 92 0.401674
26 93 0.356262
26 94 0.311112
26 95 0.266216
26 96 0.221520
26 97 0.177008
26 98 0.132630
26 99 0.088363
26 100 0.044163
27 1 0.044631
27 2 0.089327
27 3 0.134146
27 4 0.179158
27 5 0.224409
27 6 0.269970
27 7 0.315869
27 8 0.362171
27 9 0.408881
27 10 0.456047
27 11 0.503635
27 12 0.551660
27 13 0.600030
27 14 0.648700
27 15 0.697485
27 16 0.746241
27 17 0.794649
27 18 0.842414
27 19 0.889036
27 20 0.934034
27 21 0.976708
27 22 1.016415
27 23 1.052342
27 24 1.083850
27 25 1.110264
27 26 1.131268
27 27 1.146655
27 28 1.156686
27 29 1.161718
27 30 1.162493
27 31 1.159679
27 32 1.154169
27 33 1.146622
27 34 1.137834
27 35 1.128289
27 36 1.118595
27 37 1.109042
27 38 1.100069
27 39 1.091805
27 40 1.084568
27 41 1.078380
27 42 1.073479
27 43 1.069817
27 44 1.067589
27 45 1.066704
27 46 1.067330
27 47 1.069356
27 48 1.072933
27 49 1.077938
27 50 1.084514
27 51 1.092529
27 52 1.102120
27 53 1.113148
27 54 1.125738
27 55 1.139738
27 56 1.155251
27 57 1.172102
27 58 1.190348
27 59 1.209762
27 60 1.230316
27 61 1.251678
27 62 1.273667
27 63 1.295760
27 64 1.317515
27 65 1.338104
27 66 1.356710
27 67 1.372123
27 68 1.383166
27 69 1.388415
27 70 1.386739
27 71 1.377166
27 72 1.359430
27 73 1.333734
27 74 1.300976
27 75 1.262240
27 76 1.218863
27 77 1.171986
27 78 1.122727
27 79 1.071879
27 80 1.020169
27 81 0.968032
27 82 0.915878
27 83 0.863896
27 84 0.812300
27 85 0.761137
27 86 0.710510
27 87 0.660393
27 88 0.610829
27 89 0.561761
27 90 0.513200
27 91 0.465076
27 92 0.417386
27 93 0.370058
27 94 0.323078
27 95 0.276380
27 96 0.229941
27 97 0.183701
27 98 0.137634
27 99 0.091686
27 100 0.045823
28 1 0.046225
28 2 0.092524
28 3 0.138982
28 4 0.185664
28 5 0.232656
28 6 0.280012
28 7 0.327820
28 8 0.376114
28 9 0.424975
28 10 0.474411
28 11 0.524482
28 12 0.575151
28 13 0.626434
28 14 0.678221
28 15 0.730443
28 16 0.782869
28 17 0.835288
28 18 0.887274
28 19 0.938397
28 20 0.987965
28 21 1.035269
28 22 1.079340
28 23 1.119262
28 24 1.153977
28 25 1.182702
28 26 1.204771
28 27 1.220071
28 28 1.228764
28 29 1.231580
28 30 1.229338
28 31 1.223173
28 32 1.214024
28 33 1.202953
28 34 1.190679
28 35 1.177999
28 36 1.165346
28 37 1.153264
28 38 1.141953
28 39 1.131781
28 40 1.122796
28 41 1.115256
28 42 1.109121
28 43 1.104586
28 44 1.101562
28 45 1.100214
28 46 1.100425
28 47 1.102349
28 48 1.105857
28 49 1.111097
28 50 1.117937
28 51 1.126524
28 52 1.136727
28 53 1.148690
28 54 1.162282
28 55 1.177639
28 56 1.194623
28 57 1.213349
28 58 1.233653
28 59 1.255599
28 60 1.278957
28 61 1.303681
28 62 1.329395
28 63 1.355831
28 64 1.382321
28 65 1.408194
28 66 1.432285
28 67 1.453322
28 68 1.469532
28 69 1.479140
28 70 1.480239
28 71 1.471529
28 72 1.452379
28 73 1.423346
28 74 1.385672
28 75 1.341178
28 76 1.291593
28 77 1.238595
28 78 1.183425
28 79 1.127142
28 80 1.070403
28 81 1.013763
28 82 0.957487
28 83 0.901832
28 84 0.846855
28 85 0.792659
28 86 0.739204
28 87 0.686519
28 88 0.634525
28 89 0.583218
28 90 0.532509
28 91 0.482377
28 92 0.432735
28 93 0.383558
28 94 0.334763
28 95 0.286322
28 96 0.238161
28 97 0.190248
28 98 0.142519
28 99 0.094936
28 100 0.047444
29 1 0.047743
29 2 0.095579
29 3 0.143594
29 4 0.191888
29 5 0.240538
29 6 0.289648
29 7 0.339283
29 8 0.389549
29 9 0.440493
29 10 0.492214
29 11 0.544730
29 12 0.598114
29 13 0.652333
29 14 0.707404
29 15 0.763197
29 16 0.819615
29 17 0.876359
29 18 0.933119
29 19 0.989313
29 20 1.044291
29 21 1.097064
29 22 1.146559
29 23 1.191389
29 24 1.230248
29 25 1.261796
29 26 1.285210
29 27 1.300093
29 28 1.306900
29 29 1.306500
29 30 1.300304
29 31 1.289651
29 32 1.276014
29 33 1.260485
29 34 1.244156
29 35 1.227684
29 36 1.211767
29 37 1.196713
29 38 1.182951
29 39 1.170569
29 40 1.159840
29 41 1.150729
29 42 1.143431
29 43 1.137846
29 44 1.134134
29 45 1.132165
29 46 1.132087
29 47 1.133759
29 48 1.137329
29 49 1.142656
29 50 1.149892
29 51 1.158904
29 52 1.169849
29 53 1.182604
29 54 1.197331
29 55 1.213914
29 56 1.232515
29 57 1.253019
29 58 1.275568
29 59 1.300024
29 60 1.326472
29 61 1.354694
29 62 1.384628
29 63 1.415847
29 64 1.447958
29 65 1.480066
29 66 1.511112
29 67 1.539347
29 68 1.562682
29 69 1.578373
29 70 1.583713
29 71 1.576332
29 72 1.555363
29 73 1.521601
29 74 1.477332
29 75 1.425206
29 76 1.367872
29 77 1.307376
29 78 1.245362
29 79 1.182862
29 80 1.120658
29 81 1.059130
29 82 0.998587
29 83 0.939090
29 84 0.880730
29 85 0.823439
29 86 0.767219
29 87 0.711954
29 88 0.657615
29 89 0.604079
29 90 0.551309
29 91 0.499188
29 92 0.447678
29 93 0.396675
29 94 0.346140
29 95 0.295984
29 96 0.246167
29 97 0.196612
29 98 0.147277
29 99 0.098095
29 100 0.049022
30 1 0.049176
30 2 0.098455
30 3 0.147950
30 4 0.197758
30 5 0.247997
30 6 0.298759
30 7 0.350168
30 8 0.402306
30 9 0.455302
30 10 0.509223
30 11 0.564191
30 12 0.620243
30 13 0.677475
30 14 0.735864
30 15 0.795433
30 16 0.856035
30 17 0.917531
30 18 0.979530
30 19 1.041572
30 20 1.102824
30 21 1.162276
30 22 1.218440
30 23 1.269638
30 24 1.313830
30 25 1.349184
30 26 1.374179
30 27 1.388364
30 28 1.392245
30 29 1.387407
30 30 1.375725
30 31 1.359319
30 32 1.339896
30 33 1.319040
30 34 1.297777
30 35 1.277050
30 36 1.257325
30 37 1.239121
30 38 1.222570
30 39 1.207965
30 40 1.195267
30 41 1.184660
30 42 1.176028
30 43 1.169511
30 44 1.164962
30 45 1.162510
30 46 1.161997
30 47 1.163559
30 48 1.167043
30 49 1.172594
30 50 1.180072
30 51 1.189636
30 52 1.201162
30 53 1.214826
30 54 1.230523
30 55 1.248445
30 56 1.268506
30 57 1.290907
30 58 1.315577
30 59 1.342709
30 60 1.372215
30 61 1.404233
30 62 1.438578
30 63 1.475196
30 64 1.513597
30 65 1.553207
30 66 1.592748
30 67 1.630460
30 68 1.663475
30 69 1.688128
30 70 1.699910
30 71 1.694879
30 72 1.671141
30 73 1.630508
30 74 1.576850
30 75 1.514582
30 76 1.447313
30 77 1.377807
30 78 1.307785
30 79 1.238411
30 80 1.170237
30 81 1.103630
30 82 1.038639
30 83 0.975318
30 84 0.913538
30 85 0.853248
30 86 0.794278
30 87 0.736551
30 88 0.679901
30 89 0.624253
30 90 0.569459
30 91 0.515455
30 92 0.462112
30 93 0.409377
30 94 0.357138
30 95 0.305347
30 96 0.253911
30 97 0.202782
30 98 0.151881
30 99 0.101160
30 100 0.050550
31 1 0.050504
31 2 0.101131
31 3 0.151994
31 4 0.203226
31 5 0.254936
31 6 0.307267
31 7 0.360325
31 8 0.414265
31 9 0.469188
31 10 0.525258
31 11 0.582568
31 12 0.641279
31 13 0.701460
31 14 0.763245
31 15 0.826635
31 16 0.891673
31 17 0.958199
31 18 1.026023
31 19 1.094621
31 20 1.163288
31 21 1.230774
31 22 1.295433
31 23 1.354890
31 24 1.406406
31 25 1.446932
31 26 1.474124
31 27 1.486942
31 28 1.486489
31 29 1.475157
31 30 1.456070
31 31 1.432004
31 32 1.405426
31 33 1.378003
31 34 1.351094
31 35 1.325414
31 36 1.301611
31 37 1.279875
31 38 1.260507
31 39 1.243454
31 40 1.228875
31 41 1.216617
31 42 1.206790
31 43 1.199211
31 44 1.193981
31 45 1.190915
31 46 1.190126
31 47 1.191438
31 48 1.194984
31 49 1.200606
31 50 1.208458
31 51 1.218406
31 52 1.230626
31 53 1.245015
31 54 1.261775
31 55 1.280836
31 56 1.302431
31 57 1.326527
31 58 1.353389
31 59 1.383019
31 60 1.415699
31 61 1.451443
31 62 1.490491
31 63 1.532760
31 64 1.578246
31 65 1.626415
31 66 1.676414
31 67 1.726271
31 68 1.772809
31 69 1.810755
31 70 1.833081
31 71 1.832133
31 72 1.803964
31 73 1.752439
31 74 1.685117
31 75 1.608957
31 76 1.529126
31 77 1.448752
31 78 1.369690
31 79 1.292759
31 80 1.218371
31 81 1.146513
31 82 1.077137
31 83 1.010004
31 84 0.944959
31 85 0.881738
31 86 0.820189
31 87 0.760073
31 88 0.701267
31 89 0.643573
31 90 0.586891
31 91 0.531060
31 92 0.476001
31 93 0.421581
31 94 0.367736
31 95 0.314355
31 96 0.261381
31 97 0.208723
31 98 0.156327
31 99 0.104113
31 100 0.052026
32 1 0.051719
32 2 0.103570
32 3 0.155693
32 4 0.208216
32 5 0.261293
32 6 0.315049
32 7 0.369655
32 8 0.425241
32 9 0.481996
32 10 0.540054
32 11 0.599626
32 12 0.660847
32 13 0.723938
32 14 0.789021
32 15 0.856297
32 16 0.925823
32 17 0.997689
32 18 1.071741
32 19 1.147730
32 20 1.224935
32 21 1.302238
32 22 1.377626
32 23 1.448232
32 24 1.509970
32 25 1.558170
32 26 1.588443
32 27 1.598963
32 28 1.591612
32 29 1.570851
32 30 1.541393
32 31 1.507412
32 32 1.471802
32 33 1.436681
32 34 1.403182
32 35 1.372147
32 36 1.343830
32 37 1.318522
32 38 1.296127
32 39 1.276745
32 40 1.260161
32 41 1.246428
32 42 1.235306
32 43 1.226853
32 44 1.220837
32 45 1.217340
32 46 1.216153
32 47 1.217383
32 48 1.220849
32 49 1.226689
32 50 1.234749
32 51 1.245200
32 52 1.257924
32 53 1.273125
32 54 1.290727
32 55 1.310978
32 56 1.333855
32 57 1.359657
32 58 1.388431
32 59 1.420542
32 60 1.456119
32 61 1.495598
32 62 1.539184
32 63 1.587337
32 64 1.640212
32 65 1.698005
32 66 1.760221
32 67 1.825590
32 68 1.890736
32 69 1.949168
32 70 1.989525
32 71 1.996758
32 72 1.960142
32 73 1.890308
32 74 1.802222
32 75 1.707138
32 76 1.611483
32 77 1.518517
32 78 1.429462
32 79 1.344689
32 80 1.263975
32 81 1.187033
32 82 1.113393
32 83 1.042711
32 84 0.974558
32 85 0.908658
32 86 0.844665
32 87 0.782376
32 88 0.721523
32 89 0.661959
32 90 0.603473
32 91 0.545959
32 92 0.489251
32 93 0.433265
32 94 0.377869
32 95 0.322996
32 96 0.268537
32 97 0.214432
32 98 0.160589
32 99 0.106952
32 100 0.053442
33 1 0.052802
33 2 0.105752
33 3 0.158993
33 4 0.212685
33 5 0.266970
33 6 0.322028
33 7 0.378007
33 8 0.435111
33 9 0.493501
33 10 0.553415
33 11 0.615035
33 12 0.678636
33 13 0.744423
33 14 0.812708
33 15 0.883711
33 16 0.957748
33 17 1.034992
33 18 1.115648
33 19 1.199622
33 20 1.286617
33 21 1.375616
33 22 1.464741
33 23 1.550441
33 24 1.627223
33 25 1.687337
33 26 1.722677
33 27 1.728855
33 28 1.710324
33 29 1.675243
33 30 1.631440
33 31 1.584447
33 32 1.537911
33 33 1.493734
33 34 1.453048
33 35 1.416161
33 36 1.383298
33 37 1.354255
33 38 1.329009
33 39 1.307235
33 40 1.288883
33 41 1.273627
33 42 1.261449
33 43 1.252056
33 44 1.245477
33 45 1.241456
33 46 1.240068
33 47 1.241093
33 48 1.244648
33 49 1.250551
33 50 1.258955
33 51 1.269722
33 52 1.283046
33 53 1.298833
33 54 1.317327
33 55 1.338494
33 56 1.362641
33 57 1.389816
33 58 1.420413
33 59 1.454599
33 60 1.492896
33 61 1.535645
33 62 1.583553
33 63 1.637191
33 64 1.697483
33 65 1.765171
33 66 1.841073
33 67 1.925131
33 68 2.015551
33 69 2.105657
33 70 2.179242
33 71 2.205233
33 72 2.149676
33 73 2.046429
33 74 1.926458
33 75 1.805890
33 76 1.691283
33 77 1.584369
33 78 1.485082
33 79 1.392560
33 80 1.305931
33 81 1.224250
33 82 1.146806
33 83 1.072889
33 84 1.002013
33 85 0.933669
33 86 0.867535
33 87 0.803244
33 88 0.740577
33 89 0.679266
33 90 0.619159
33 91 0.560053
33 92 0.501839
33 93 0.444359
33 94 0.387529
33 95 0.331224
33 96 0.275374
33 97 0.219876
33 98 0.164668
33 99 0.109663
33 100 0.054798
34 1 0.053744
34 2 0.107644
34 3 0.161866
34 4 0.216562
34 5 0.271916
34 6 0.328088
34 7 0.385289
34 8 0.443694
34 9 0.503554
34 10 0.565071
34 11 0.628549
34 12 0.694238
34 13 0.762509
34 14 0.833678
34 15 0.908200
34 16 0.986466
34 17 1.069006
34 18 1.156235
34 19 1.248623
34 20 1.346297
34 21 1.449004
34 22 1.555281
34 23 1.661712
34 24 1.761143
34 25 1.841426
34 26 1.886075
34 27 1.883619
34 28 1.845587
34 29 1.788543
34 30 1.724676
34 31 1.661234
34 32 1.601662
34 33 1.547531
34 34 1.499114
34 35 1.456405
34 36 1.418945
34 37 1.386460
34 38 1.358418
34 39 1.334590
34 40 1.314509
34 41 1.298043
34 42 1.284806
34 43 1.274750
34 44 1.267557
34 45 1.263251
34 46 1.261568
34 47 1.262588
34 48 1.266098
34 49 1.272224
34 50 1.280799
34 51 1.291999
34 52 1.305704
34 53 1.322141
34 54 1.341253
34 55 1.363330
34 56 1.388398
34 57 1.416840
34 58 1.448805
34 59 1.484817
34 60 1.525223
34 61 1.570788
34 62 1.622192
34 63 1.680626
34 64 1.747360
34 65 1.824335
34 66 1.913770
34 67 2.018495
34 68 2.140678
34 69 2.278822
34 70 2.416554
34 71 2.495386
34 72 2.386899
34 73 2.219403
34 74 2.051289
34 75 1.898811
34 76 1.763389
34 77 1.642725
34 78 1.533935
34 79 1.434665
34 80 1.342941
34 81 1.257350
34 82 1.176692
34 83 1.100140
34 84 1.026934
34 85 0.956576
34 86 0.888563
34 87 0.822579
34 88 0.758276
34 89 0.695450
34 90 0.633845
34 91 0.573324
34 92 0.513695
34 93 0.454858
34 94 0.396666
34 95 0.339039
34 96 0.281860
34 97 0.225060
34 98 0.168544
34 99 0.112248
34 100 0.056088
35 1 0.054532
35 2 0.109232
35 3 0.164265
35 4 0.219813
35 5 0.276045
35 6 0.333169
35 7 0.391368
35 8 0.450890
35 9 0.511948
35 10 0.574847
35 11 0.639853
35 12 0.707353
35 13 0.777699
35 14 0.851401
35 15 0.928947
35 16 1.011027
35 17 1.098330
35 18 1.191791
35 19 1.292337
35 20 1.401075
35 21 1.518823
35 22 1.645802
35 23 1.779984
35 24 1.914349
35 25 2.031152
35 26 2.096724
35 27 2.073960
35 28 2.000033
35 29 1.908665
35 30 1.817685
35 31 1.734153
35 32 1.660194
35 33 1.595615
35 34 1.539716
35 35 1.491402
35 36 1.449882
35 37 1.414225
35 38 1.383895
35 39 1.358196
35 40 1.336816
35 41 1.319232
35 42 1.305288
35 43 1.294581
35 44 1.287066
35 45 1.282422
35 46 1.280684
35 47 1.281595
35 48 1.285250
35 49 1.291449
35 50 1.300338
35 51 1.311770
35 52 1.325945
35 53 1.342774
35 54 1.362521
35 55 1.385173
35 56 1.411080
35 57 1.440341
35 58 1.473435
35 59 1.510641
35 60 1.552662
35 61 1.600092
35 62 1.654053
35 63 1.715761
35 64 1.787223
35 65 1.871039
35 66 1.971378
35 67 2.094401
35 68 2.250011
35 69 2.452400
35 70 2.712891
35 71 2.972860
35 72 2.683243
35 73 2.392993
35 74 2.160609
35 75 1.974675
35 76 1.820866
35 77 1.689207
35 78 1.573398
35 79 1.469224
35 80 1.373941
35 81 1.285518
35 82 1.202592
35 83 1.124042
35 84 1.049119
35 85 0.977139
35 86 0.907660
35 87 0.840234
35 88 0.774589
35 89 0.710411
35 90 0.647524
35 91 0.585702
35 92 0.524822
35 93 0.464713
35 94 0.405286
35 95 0.346406
35 96 0.288001
35 97 0.229962
35 98 0.172223
35 99 0.114695
35 100 0.057313
36 1 0.055158
36 2 0.110488
36 3 0.166173
36 4 0.222383
36 5 0.279323
36 6 0.337176
36 7 0.396182
36 8 0.456551
36 9 0.518576
36 10 0.582518
36 11 0.648751
36 12 0.717623
36 13 0.789635
36 14 0.865281
36 15 0.945274
36 16 1.030365
36 17 1.121622
36 18 1.220262
36 19 1.327989
36 20 1.446843
36 21 1.579547
36 22 1.729118
36 23 1.898205
36 24 2.085118
36 25 2.272240
36 26 2.395711
36 27 2.315611
36 28 2.171922
36 29 2.028579
36 30 1.903247
36 31 1.797708
36 32 1.709347
36 33 1.635257
36 34 1.572734
36 35 1.519866
36 36 1.474958
36 37 1.436940
36 38 1.404742
36 39 1.377779
36 40 1.355328
36 41 1.337086
36 42 1.322534
36 43 1.311537
36 44 1.303703
36 45 1.299010
36 46 1.297150
36 47 1.298181
36 48 1.301861
36 49 1.308307
36 50 1.317336
36 51 1.329120
36 52 1.343532
36 53 1.360806
36 54 1.380884
36 55 1.404072
36 56 1.430408
36 57 1.460306
36 58 1.493952
36 59 1.531935
36 60 1.574690
36 61 1.623131
36 62 1.678168
36 63 1.741384
36 64 1.814731
36 65 1.901436
36 66 2.006303
36 67 2.137903
36 68 2.312566
36 69 2.568014
36 70 3.009750
36 71 4.000000
36 72 2.980220
36 73 2.508826
36 74 2.223479
36 75 2.018539
36 76 1.856194
36 77 1.719968
36 78 1.601227
36 79 1.495020
36 80 1.398081
36 81 1.308313
36 82 1.224117
36 83 1.144435
36 84 1.068362
36 85 0.995306
36 86 0.924705
36 87 0.856206
36 88 0.789433
36 89 0.724166
36 90 0.660140
36 91 0.597209
36 92 0.535178
36 93 0.473945
36 94 0.413360
36 95 0.353343
36 96 0.293776
36 97 0.234591
36 98 0.175691
36 99 0.117011
36 100 0.058470
37 1 0.055614
37 2 0.111408
37 3 0.167556
37 4 0.224256
37 5 0.281689
37 6 0.340081
37 7 0.399634
37 8 0.460623
37 9 0.523289
37 10 0.587980
37 11 0.655013
37 12 0.724849
37 13 0.797937
37 14 0.874926
37 15 0.956503
37 16 1.043657
37 17 1.137529
37 18 1.239776
37 19 1.352514
37 20 1.478895
37 21 1.623401
37 22 1.793052
37 23 1.998601
37 24 2.255802
37 25 2.576980
37 26 2.898386
37 27 2.620853
37 28 2.343618
37 29 2.130483
37 30 1.969210
37 31 1.844085
37 32 1.744457
37 33 1.663332
37 34 1.596350
37 35 1.540370
37 36 1.493417
37 37 1.453837
37 38 1.420646
37 39 1.392848
37 40 1.369939
37 41 1.351251
37 42 1.336542
37 43 1.325329
37 44 1.317525
37 45 1.312763
37 46 1.311056
37 47 1.312119
37 48 1.316036
37 49 1.322584
37 50 1.331908
37 51 1.343841
37 52 1.358584
37 53 1.376035
37 54 1.396455
37 55 1.419822
37 56 1.446482
37 57 1.476525
37 58 1.510427
37 59 1.548456
37 60 1.591311
37 61 1.639574
37 62 1.694362
37 63 1.756876
37 64 1.829118
37 65 1.913672
37 66 2.014699
37 67 2.138343
37 68 2.294499
37 69 2.497341
37 70 2.758185
37 71 3.018391
37 72 2.728886
37 73 2.438611
37 74 2.206061
37 75 2.019810
37 76 1.865531
37 77 1.733245
37 78 1.616656
37 79 1.511546
37 80 1.415181
37 81 1.325534
37 82 1.241251
37 83 1.161219
37 84 1.084700
37 85 1.011020
37 86 0.939750
37 87 0.870452
37 88 0.802863
37 89 0.736680
37 90 0.671738
37 91 0.607816
37 92 0.544802
37 93 0.482530
37 94 0.420916
37 95 0.359831
37 96 0.299206
37 97 0.238937
37 98 0.178961
37 99 0.119190
37 100 0.059561
38 1 0.055898
38 2 0.111973
38 3 0.168414
38 4 0.225399
38 5 0.283140
38 6 0.341827
38 7 0.401712
38 8 0.463017
38 9 0.526054
38 10 0.591100
38 11 0.658564
38 12 0.728825
38 13 0.802443
38 14 0.879985
38 15 0.962275
38 16 1.050231
38 17 1.145189
38 18 1.248800
38 19 1.363528
38 20 1.492822
38 21 1.642244
38 22 1.821089
38 23 2.047469
38 24 2.362510
38 25 2.881592
38 26 4.000000
38 27 2.925912
38 28 2.451214
38 29 2.180697
38 30 1.999027
38 31 1.865177
38 32 1.761064
38 33 1.677508
38 34 1.608964
38 35 1.552116
38 36 1.504505
38 37 1.464633
38 38 1.431158
38 39 1.403336
38 40 1.380327
38 41 1.361758
38 42 1.347052
38 43 1.336042
38 44 1.328303
38 45 1.323797
38 46 1.322193
38 47 1.323540
38 48 1.327580
38 49 1.334423
38 50 1.343870
38 51 1.356087
38 52 1.370930
38 53 1.388622
38 54 1.409081
38 55 1.432598
38 56 1.459175
38 57 1.489192
38 58 1.522775
38 59 1.560445
38 60 1.602523
38 61 1.649768
38 62 1.702831
38 63 1.762892
38 64 1.831193
38 65 1.909659
38 66 2.000478
38 67 2.106462
38 68 2.229745
38 69 2.368812
38 70 2.507257
38 71 2.586577
38 72 2.478321
38 73 2.310787
38 74 2.142345
38 75 1.989239
38 76 1.852876
38 77 1.730961
38 78 1.620604
38 79 1.519461
38 80 1.425564
38 81 1.337518
38 82 1.254134
38 83 1.174608
38 84 1.098200
38 85 1.024433
38 86 0.952825
38 87 0.883086
38 88 0.814886
38 89 0.748042
38 90 0.682316
38 91 0.617590
38 92 0.553684
38 93 0.490515
38 94 0.427944
38 95 0.365903
38 96 0.304281
38 97 0.243020
38 98 0.182026
38 99 0.121241
38 100 0.060586
39 1 0.056005
39 2 0.112190
39 3 0.168729
39 4 0.225821
39 5 0.283644
39 6 0.342428
39 7 0.402372
39 8 0.463752
39 9 0.526809
39 10 0.591892
39 11 0.659317
39 12 0.729546
39 13 0.803026
39 14 0.880410
39 15 0.962380
39 16 1.049929
39 17 1.144196
39 18 1.246841
39 19 1.359976
39 20 1.486759
39 21 1.631666
39 22 1.801722
39 23 2.007676
39 24 2.265287
39 25 2.586876
39 26 2.908698
39 27 2.631583
39 28 2.354771
39 29 2.142062
39 30 1.981223
39 31 1.856533
39 32 1.757349
39 33 1.676671
39 34 1.610145
39 35 1.554624
39 36 1.508140
39 37 1.469031
39 38 1.436322
39 39 1.409009
39 40 1.386592
39 41 1.368401
39 42 1.354194
39 43 1.343484
39 44 1.336186
39 45 1.331927
39 46 1.330720
39 47 1.332270
39 48 1.336662
39 49 1.343659
39 50 1.353402
39 51 1.365707
39 52 1.380763
39 53 1.398441
39 54 1.418980
39 55 1.442314
39 56 1.468746
39 57 1.498293
39 58 1.531342
39 59 1.568026
39 60 1.608859
39 61 1.654142
39 62 1.704570
39 63 1.760669
39 64 1.823346
39 65 1.893294
39 66 1.971309
39 67 2.057281
39 68 2.149388
39 69 2.240905
39 70 2.315596
39 71 2.342340
39 72 2.287160
39 73 2.183872
39 74 2.063427
39 75 1.941923
39 76 1.825914
39 77 1.717118
39 78 1.615476
39 79 1.520131
39 80 1.430229
39 81 1.344840
39 82 1.263286
39 83 1.184881
39 84 1.109174
39 85 1.035688
39 86 0.964136
39 87 0.894183
39 88 0.825647
39 89 0.758284
39 90 0.691976
39 91 0.626542
39 92 0.561898
39 93 0.497903
39 94 0.434493
39 95 0.371556
39 96 0.309035
39 97 0.246835
39 98 0.184904
39 99 0.123161
39 100 0.061550
40 1 0.055941
40 2 0.112053
40 3 0.168520
40 4 0.225512
40 5 0.283235
40 6 0.341869
40 7 0.401659
40 8 0.462810
40 9 0.525619
40 10 0.590343
40 11 0.657362
40 12 0.727017
40 13 0.799816
40 14 0.876248
40 15 0.957031
40 16 1.042909
40 17 1.134960
40 18 1.234393
40 19 1.342918
40 20 1.462570
40 21 1.596079
40 22 1.746457
40 23 1.916358
40 24 2.104087
40 25 2.292035
40 26 2.416333
40 27 2.337074
40 28 2.194227
40 29 2.051741
40 30 1.927270
40 31 1.822607
40 32 1.735129
40 33 1.661937
40 34 1.600320
40 35 1.548375
40 36 1.504398
40 37 1.467330
40 38 1.436089
40 39 1.410102
40 40 1.388633
40 41 1.371389
40 42 1.357838
40 43 1.347854
40 44 1.341030
40 45 1.337350
40 46 1.336489
40 47 1.338506
40 48 1.343138
40 49 1.350498
40 50 1.360373
40 51 1.372922
40 52 1.387976
40 53 1.405737
40 54 1.426083
40 55 1.449262
40 56 1.475204
40 57 1.504208
40 58 1.536274
40 59 1.571761
40 60 1.610747
40 61 1.653656
40 62 1.700637
40 63 1.752131
40 64 1.808230
40 65 1.869101
40 66 1.934184
40 67 2.002172
40 68 2.069622
40 69 2.130001
40 70 2.171882
40 71 2.180179
40 72 2.144105
40 73 2.074261
40 74 1.985566
40 75 1.889260
40 76 1.791738
40 77 1.696265
40 78 1.604053
40 79 1.515496
40 80 1.430381
40 81 1.348460
40 82 1.269290
40 83 1.192577
40 84 1.117929
40 85 1.045121
40 86 0.973850
40 87 0.903964
40 88 0.835234
40 89 0.767560
40 90 0.700764
40 91 0.634778
40 92 0.569463
40 93 0.504765
40 94 0.440572
40 95 0.376838
40 96 0.313466
40 97 0.250413
40 98 0.187595
40 99 0.124965
40 100 0.062452
41 1 0.055705
41 2 0.111580
41 3 0.167786
41 4 0.224509
41 5 0.281914
41 6 0.340213
41 7 0.399585
41 8 0.460283
41 9 0.522515
41 10 0.586591
41 11 0.652772
41 12 0.721451
41 13 0.792974
41 14 0.867858
41 15 0.946584
41 16 1.029851
41 17 1.118340
41 18 1.212994
41 19 1.314732
41 20 1.424673
41 21 1.543623
41 22 1.671816
41 23 1.807213
41 24 1.942808
41 25 2.060842
41 26 2.127663
41 27 2.106151
41 28 2.033495
41 29 1.943404
41 30 1.853723
41 31 1.771497
41 32 1.698868
41 33 1.635629
41 34 1.581096
41 35 1.534159
41 36 1.494044
41 37 1.459803
41 38 1.430918
41 39 1.406675
41 40 1.386778
41 41 1.370685
41 42 1.358255
41 43 1.349064
41 44 1.343078
41 45 1.339954
41 46 1.339732
41 47 1.342129
41 48 1.347239
41 49 1.354823
41 50 1.365021
41 51 1.377631
41 52 1.392828
41 53 1.410448
41 54 1.430696
41 55 1.453445
41 56 1.478930
41 57 1.507062
41 58 1.538103
41 59 1.571995
41 60 1.609010
41 61 1.649097
41 62 1.692474
41 63 1.738986
41 64 1.788599
41 65 1.840696
41 66 1.894384
41 67 1.947603
41 68 1.997129
41 69 2.037597
41 70 2.061930
41 71 2.062389
41 72 2.034982
41 73 1.983501
41 74 1.915474
41 75 1.837811
41 76 1.755668
41 77 1.672148
41 78 1.589124
41 79 1.507418
41 80 1.427481
41 81 1.349328
41 82 1.272969
41 83 1.198210
41 84 1.124963
41 85 1.053017
41 86 0.982287
41 87 0.912590
41 88 0.843863
41 89 0.775956
41 90 0.708825
41 91 0.642343
41 92 0.576478
41 93 0.511123
41 94 0.446246
41 95 0.381757
41 96 0.317619
41 97 0.253754
41 98 0.190123
41 99 0.126653
41 100 0.063300
42 1 0.055311
42 2 0.110776
42 3 0.166564
42 4 0.222825
42 5 0.279747
42 6 0.337484
42 7 0.396253
42 8 0.456223
42 9 0.517652
42 10 0.580735
42 11 0.645784
42 12 0.713042
42 13 0.782887
42 14 0.855627
42 15 0.931729
42 16 1.011571
42 17 1.095697
42 18 1.184511
42 19 1.278495
42 20 1.377765
42 21 1.482082
42 22 1.589969
42 23 1.698028
42 24 1.799089
42 25 1.881022
42 26 1.927325
42 27 1.926547
42 28 1.890200
42 29 1.834866
42 30 1.772720
42 31 1.711029
42 32 1.653219
42 33 1.600884
42 34 1.554276
42 35 1.513414
42 36 1.477815
42 37 1.447231
42 38 1.421104
42 39 1.399230
42 40 1.381118
42 41 1.366656
42 42 1.355433
42 43 1.347417
42 44 1.342264
42 45 1.340010
42 46 1.340358
42 47 1.343395
42 48 1.348865
42 49 1.356893
42 50 1.367256
42 51 1.380109
42 52 1.395258
42 53 1.412880
42 54 1.432806
42 55 1.455232
42 56 1.480008
42 57 1.507337
42 58 1.537079
42 59 1.569421
42 60 1.604203
42 61 1.641543
42 62 1.681176
42 63 1.723016
42 64 1.766482
42 65 1.810953
42 66 1.855051
42 67 1.896957
42 68 1.933693
42 69 1.961530
42 70 1.975851
42 71 1.972649
42 72 1.949931
42 73 1.909457
42 74 1.855018
42 75 1.791003
42 76 1.720973
42 77 1.647693
42 78 1.572875
42 79 1.497717
42 80 1.422796
42 81 1.348540
42 82 1.275049
42 83 1.202456
42 84 1.130699
42 85 1.059812
42 86 0.989692
42 87 0.920348
42 88 0.851673
42 89 0.783668
42 90 0.716235
42 91 0.649370
42 92 0.582984
42 93 0.517065
42 94 0.451534
42 95 0.386370
42 96 0.321500
42 97 0.256895
42 98 0.192487
42 99 0.128241
42 100 0.064093
43 1 0.054761
43 2 0.109670
43 3 0.164869
43 4 0.220521
43 5 0.276764
43 6 0.333783
43 7 0.391719
43 8 0.450784
43 9 0.511132
43 10 0.573010
43 11 0.636589
43 12 0.702156
43 13 0.769906
43 14 0.840162
43 15 0.913132
43 16 0.989147
43 17 1.068367
43 18 1.151011
43 19 1.236972
43 20 1.325970
43 21 1.416971
43 22 1.508117
43 23 1.595841
43 24 1.674669
43 25 1.736833
43 26 1.774251
43 27 1.782512
43 28 1.766097
43 29 1.733141
43 30 1.691498
43 31 1.646679
43 32 1.602357
43 33 1.560411
43 34 1.521998
43 35 1.487405
43 36 1.456881
43 37 1.430200
43 38 1.407364
43 39 1.388022
43 40 1.372149
43 41 1.359390
43 42 1.349752
43 43 1.342909
43 44 1.338910
43 45 1.337463
43 46 1.338657
43 47 1.342228
43 48 1.348297
43 49 1.356628
43 50 1.367364
43 51 1.380292
43 52 1.395572
43 53 1.413007
43 54 1.432768
43 55 1.454668
43 56 1.478874
43 57 1.505197
43 58 1.533781
43 59 1.564406
43 60 1.597147
43 61 1.631695
43 62 1.667963
43 63 1.705420
43 64 1.743631
43 65 1.781584
43 66 1.818159
43 67 1.851479
43 68 1.879379
43 69 1.898981
43 70 1.907497
43 71 1.902425
43 72 1.882823
43 73 1.849376
43 74 1.804314
43 75 1.750210
43 76 1.689693
43 77 1.624775
43 78 1.557123
43 79 1.487781
43 80 1.417592
43 81 1.346987
43 82 1.276367
43 83 1.205868
43 84 1.135687
43 85 1.065840
43 86 0.996434
43 87 0.927437
43 88 0.858912
43 89 0.790807
43 90 0.723163
43 91 0.655918
43 92 0.589091
43 93 0.522621
43 94 0.456508
43 95 0.390690
43 96 0.325154
43 97 0.259838
43 98 0.194716
43 99 0.129729
43 100 0.064842
44 1 0.054072
44 2 0.108275
44 3 0.162752
44 4 0.217627
44 5 0.273057
44 6 0.329164
44 7 0.386125
44 8 0.444062
44 9 0.503173
44 10 0.563583
44 11 0.625513
44 12 0.689088
44 13 0.754542
44 14 0.821983
44 15 0.891629
44 16 0.963520
44 17 1.037765
44 18 1.114193
44 19 1.192575
44 20 1.272172
44 21 1.351887
44 22 1.429688
44 23 1.502732
44 24 1.566912
44 25 1.617583
44 26 1.650333
44 27 1.663364
44 28 1.658535
44 29 1.640335
44 30 1.613452
44 31 1.582091
44 32 1.549120
44 33 1.516687
44 34 1.485900
44 35 1.457630
44 36 1.432105
44 37 1.409646
44 38 1.390129
44 39 1.373684
44 40 1.360065
44 41 1.349353
44 42 1.341275
44 43 1.335915
44 44 1.333003
44 45 1.332642
44 46 1.334577
44 47 1.338931
44 48 1.345467
44 49 1.354324
44 50 1.365280
44 51 1.378486
44 52 1.393729
44 53 1.411167
44 54 1.430590
44 55 1.452147
44 56 1.475622
44 57 1.501136
44 58 1.528441
44 59 1.557598
44 60 1.588284
44 61 1.620432
44 62 1.653560
44 63 1.687358
44 64 1.721036
44 65 1.753859
44 66 1.784521
44 67 1.811665
44 68 1.833363
44 69 1.847741
44 70 1.852731
44 71 1.846932
44 72 1.829563
44 73 1.801096
44 74 1.762653
44 75 1.716006
44 76 1.662815
44 77 1.604757
44 78 1.543062
44 79 1.478845
44 80 1.412804
44 81 1.345594
44 82 1.277563
44 83 1.209092
44 84 1.140342
44 85 1.071547
44 86 1.002768
44 87 0.934159
44 88 0.865730
44 89 0.797580
44 90 0.729691
44 91 0.662124
44 92 0.594844
44 93 0.527881
44 94 0.461189
44 95 0.394776
44 96 0.328589
44 97 0.262618
44 98 0.196808
44 99 0.131134
44 100 0.065544
45 1 0.053252
45 2 0.106627
45 3 0.160237
45 4 0.214217
45 5 0.268673
45 6 0.323754
45 7 0.379557
45 8 0.436247
45 9 0.493915
45 10 0.552737
45 11 0.612792
45 12 0.674259
45 13 0.737189
45 14 0.801735
45 15 0.867880
45 16 0.935688
45 17 1.004979
45 18 1.075585
45 19 1.146963
45 20 1.218431
45 21 1.288717
45 22 1.356202
45 23 1.418488
45 24 1.472863
45 25 1.516253
45 26 1.546347
45 27 1.562076
45 28 1.564576
45 29 1.556212
45 30 1.540142
45 31 1.519112
45 32 1.495625
45 33 1.471317
45 34 1.447585
45 35 1.425111
45 36 1.404581
45 37 1.386151
45 38 1.370160
45 39 1.356519
45 40 1.345423
45 41 1.336682
45 42 1.330441
45 43 1.326473
45 44 1.324912
45 45 1.325524
45 46 1.328449
45 47 1.333454
45 48 1.340687
45 49 1.349923
45 50 1.361315
45 51 1.374643
45 52 1.390059
45 53 1.407342
45 54 1.426636
45 55 1.447709
45 56 1.470678
45 57 1.495282
45 58 1.521584
45 59 1.549262
45 60 1.578278
45 61 1.608190
45 62 1.638787
45 63 1.669416
45 64 1.699579
45 65 1.728294
45 66 1.754662
45 67 1.777295
45 68 1.794908
45 69 1.805887
45 70 1.808975
45 71 1.803009
45 72 1.787602
45 73 1.762792
45 74 1.729385
45 75 1.688346
45 76 1.640979
45 77 1.588375
45 78 1.531686
45 79 1.471733
45 80 1.409337
45 81 1.345021
45 82 1.279338
45 83 1.212597
45 84 1.145170
45 85 1.077235
45 86 1.009048
45 87 0.940701
45 88 0.872369
45 89 0.804091
45 90 0.735983
45 91 0.668045
45 92 0.600349
45 93 0.532871
45 94 0.465646
45 95 0.398635
45 96 0.331848
45 97 0.265237
45 98 0.198789
45 99 0.132456
45 100 0.066208
46 1 0.052320
46 2 0.104743
46 3 0.157383
46 4 0.210333
46 5 0.263718
46 6 0.317620
46 7 0.372175
46 8 0.427453
46 9 0.483596
46 10 0.540656
46 11 0.598773
46 12 0.657967
46 13 0.718352
46 14 0.779887
46 15 0.842616
46 16 0.906372
46 17 0.971039
46 18 1.036206
46 19 1.101436
46 20 1.165873
46 21 1.228538
46 22 1.287915
46 23 1.342356
46 24 1.389797
46 25 1.428437
46 26 1.456726
46 27 1.474251
46 28 1.481483
46 29 1.480049
46 30 1.471790
46 31 1.458867
46 32 1.442951
46 33 1.425670
46 34 1.408012
46 35 1.390966
46 36 1.374958
46 37 1.360551
46 38 1.347839
46 39 1.337158
46 40 1.328426
46 41 1.321872
46 42 1.317333
46 43 1.314991
46 44 1.314648
46 45 1.316468
46 46 1.320240
46 47 1.326124
46 48 1.333905
46 49 1.343742
46 50 1.355416
46 51 1.369083
46 52 1.384520
46 53 1.401872
46 54 1.420903
46 55 1.441733
46 56 1.464099
46 57 1.488076
46 58 1.513352
46 59 1.539919
46 60 1.567374
46 61 1.595580
46 62 1.623982
46 63 1.652237
46 64 1.679568
46 65 1.705354
46 66 1.728536
46 67 1.748204
46 68 1.763085
46 69 1.772162
46 70 1.774271
46 71 1.768745
46 72 1.755046
46 73 1.733286
46 74 1.703747
46 75 1.667201
46 76 1.624379
46 77 1.576251
46 78 1.523577
46 79 1.467222
46 80 1.407792
46 81 1.345964
46 82 1.282171
46 83 1.216921
46 84 1.150507
46 85 1.083299
46 86 1.015487
46 87 0.947336
46 88 0.878955
46 89 0.810527
46 90 0.742104
46 91 0.673804
46 92 0.605636
46 93 0.537671
46 94 0.469888
46 95 0.402320
46 96 0.334932
46 97 0.267725
46 98 0.200656
46 99 0.133707
46 100 0.066833
47 1 0.051285
47 2 0.102664
47 3 0.154220
47 4 0.206057
47 5 0.258245
47 6 0.310898
47 7 0.364070
47 8 0.417879
47 9 0.472360
47 10 0.527625
47 11 0.583676
47 12 0.640607
47 13 0.698364
47 14 0.756986
47 15 0.816324
47 16 0.876303
47 17 0.936601
47 18 0.996937
47 19 1.056702
47 20 1.115277
47 21 1.171645
47 22 1.224766
47 23 1.273225
47 24 1.315751
47 25 1.350972
47 26 1.378104
47 27 1.396718
47 28 1.407309
47 29 1.410711
47 30 1.408378
47 31 1.401614
47 32 1.391937
47 33 1.380400
47 34 1.368143
47 35 1.355781
47 36 1.344064
47 37 1.333256
47 38 1.323836
47 39 1.315846
47 40 1.309611
47 41 1.305047
47 42 1.302397
47 43 1.301512
47 44 1.302594
47 45 1.305461
47 46 1.310296
47 47 1.316899
47 48 1.325446
47 49 1.335723
47 50 1.347900
47 51 1.361754
47 52 1.377440
47 53 1.394724
47 54 1.413736
47 55 1.434219
47 56 1.456264
47 57 1.479572
47 58 1.504170
47 59 1.529687
47 60 1.556048
47 61 1.582773
47 62 1.609632
47 63 1.635983
47 64 1.661394
47 65 1.685018
47 66 1.706196
47 67 1.723898
47 68 1.737320
47 69 1.745402
47 70 1.747437
47 71 1.742652
47 72 1.730765
47 73 1.711559
47 74 1.685316
47 75 1.652333
47 76 1.613267
47 77 1.568672
47 78 1.519317
47 79 1.465786
47 80 1.408801
47 81 1.348870
47 82 1.286606
47 83 1.222409
47 84 1.156766
47 85 1.089967
47 86 1.022381
47 87 0.954200
47 88 0.885688
47 89 0.816959
47 90 0.748189
47 91 0.679430
47 92 0.610794
47 93 0.542288
47 94 0.473972
47 95 0.405827
47 96 0.337873
47 97 0.270075
47 98 0.202427
47 99 0.134885
47 100 0.067424
48 1 0.050167
48 2 0.100408
48 3 0.150808
48 4 0.201429
48 5 0.252363
48 6 0.303657
48 7 0.355405
48 8 0.407634
48 9 0.460436
48 10 0.513806
48 11 0.567818
48 12 0.622420
48 13 0.677648
48 14 0.733371
48 15 0.789545
48 16 0.845914
48 17 0.902296
48 18 0.958239
48 19 1.013344
48 20 1.066889
48 21 1.118201
48 22 1.166280
48 23 1.210247
48 24 1.249010
48 25 1.281830
48 26 1.308002
48 27 1.327460
48 28 1.340326
48 29 1.347379
48 30 1.349398
48 31 1.347566
48 32 1.342783
48 33 1.336161
48 34 1.328377
48 35 1.320281
48 36 1.312262
48 37 1.304917
48 38 1.298402
48 39 1.293137
48 40 1.289124
48 41 1.286675
48 42 1.285697
48 43 1.286440
48 44 1.288757
48 45 1.292865
48 46 1.298585
48 47 1.306114
48 48 1.315255
48 49 1.326189
48 50 1.338707
48 51 1.352973
48 52 1.368763
48 53 1.386221
48 54 1.405098
48 55 1.425508
48 56 1.447166
48 57 1.470132
48 58 1.494067
48 59 1.518950
48 60 1.544359
48 61 1.570153
48 62 1.595791
48 63 1.620975
48 64 1.645007
48 65 1.667412
48 66 1.687332
48 67 1.704139
48 68 1.716893
48 69 1.724936
48 70 1.727423
48 71 1.723888
48 72 1.713802
48 73 1.697080
48 74 1.673624
48 75 1.643740
48 76 1.607686
48 77 1.566032
48 78 1.519234
48 79 1.467969
48 80 1.412755
48 81 1.354262
48 82 1.292973
48 83 1.229481
48 84 1.164180
48 85 1.097546
48 86 1.029869
48 87 0.961505
48 88 0.892640
48 89 0.823525
48 90 0.754262
48 91 0.685013
48 92 0.615821
48 93 0.546778
48 94 0.477886
48 95 0.409189
48 96 0.340660
48 97 0.272308
48 98 0.204092
48 99 0.135997
48 100 0.067977
49 1 0.048975
49 2 0.098015
49 3 0.147176
49 4 0.196533
49 5 0.246123
49 6 0.296026
49 7 0.346261
49 8 0.396904
49 9 0.447946
49 10 0.499452
49 11 0.551370
49 12 0.603737
49 13 0.656437
49 14 0.709452
49 15 0.762571
49 16 0.815680
49 17 0.868431
49 18 0.920564
49 19 0.971546
49 20 1.020933
49 21 1.067993
49 22 1.112122
49 23 1.152472
49 24 1.188447
49 25 1.219335
49 26 1.244866
49 27 1.264793
49 28 1.279427
49 29 1.289083
49 30 1.294556
49 31 1.296471
49 32 1.295775
49 33 1.293084
49 34 1.289248
49 35 1.284706
49 36 1.280127
49 37 1.275748
49 38 1.272072
49 39 1.269177
49 40 1.267441
49 41 1.266833
49 42 1.267652
49 43 1.269794
49 44 1.273512
49 45 1.278657
49 46 1.285451
49 47 1.293717
49 48 1.303657
49 49 1.315072
49 50 1.328148
49 51 1.342669
49 52 1.358797
49 53 1.376297
49 54 1.395301
49 55 1.415547
49 56 1.437123
49 57 1.459721
49 58 1.483366
49 59 1.507688
49 60 1.532617
49 61 1.557691
49 62 1.582720
49 63 1.607117
49 64 1.630547
49 65 1.652290
49 66 1.671861
49 67 1.688434
49 68 1.701436
49 69 1.710027
49 70 1.713672
49 71 1.711674
49 72 1.703699
49 73 1.689335
49 74 1.668563
49 75 1.641316
49 76 1.607894
49 77 1.568537
49 78 1.523790
49 79 1.474102
49 80 1.420146
49 81 1.362449
49 82 1.301689
49 83 1.238362
49 84 1.173057
49 85 1.106169
49 86 1.038161
49 87 0.969309
49 88 0.899946
49 89 0.830238
49 90 0.760409
49 91 0.690541
49 92 0.620769
49 93 0.551119
49 94 0.481662
49 95 0.412383
49 96 0.343309
49 97 0.274404
49 98 0.205661
49 99 0.137035
49 100 0.068497
50 1 0.047727
50 2 0.095502
50 3 0.143383
50 4 0.191403
50 5 0.239625
50 6 0.288065
50 7 0.336785
50 8 0.385776
50 9 0.435092
50 10 0.484687
50 11 0.534596
50 12 0.584720
50 13 0.635054
50 14 0.685428
50 15 0.735769
50 16 0.785804
50 17 0.835364
50 18 0.884040
50 19 0.931539
50 20 0.977306
50 21 1.020929
50 22 1.061744
50 23 1.099304
50 24 1.132972
50 25 1.162447
50 26 1.187334
50 27 1.207687
50 28 1.223505
50 29 1.235255
50 30 1.243275
50 31 1.248289
50 32 1.250765
50 33 1.251473
50 34 1.250826
50 35 1.249507
50 36 1.247791
50 37 1.246231
50 38 1.244963
50 39 1.244422
50 40 1.244631
50 41 1.245938
50 42 1.248283
50 43 1.251956
50 44 1.256841
50 45 1.263188
50 46 1.270846
50 47 1.280037
50 48 1.290582
50 49 1.302685
50 50 1.316144
50 51 1.331142
50 52 1.347458
50 53 1.365247
50 54 1.384263
50 55 1.404626
50 56 1.426056
50 57 1.448621
50 58 1.471990
50 59 1.496161
50 60 1.520732
50 61 1.545603
50 62 1.570279
50 63 1.594539
50 64 1.617775
50 65 1.639631
50 66 1.659388
50 67 1.676572
50 68 1.690391
50 69 1.700315
50 70 1.705566
50 71 1.705669
50 72 1.699983
50 73 1.688214
50 74 1.669977
50 75 1.645267
50 76 1.614036
50 77 1.576613
50 78 1.533288
50 79 1.484669
50 80 1.431277
50 81 1.373850
50 82 1.312974
50 83 1.249357
50 84 1.183516
50 85 1.116035
50 86 1.047298
50 87 0.977735
50 88 0.907595
50 89 0.837169
50 90 0.766594
50 91 0.696051
50 92 0.625597
50 93 0.555332
50 94 0.485259
50 95 0.415422
50 96 0.345791
50 97 0.276370
50 98 0.207114
50 99 0.138000
50 100 0.068975
